0.000000 30.000000 0.000000 2.500000 
0.000000 30.000000 0.000000 2.500000 
0.000000 30.000000 0.000000 2.500000 
0.000000 30.000000 0.000000 2.500000 
20.000000 30.000000 2.000000 2.500000 
19.862623 30.000000 2.027500 2.500000 
19.716986 30.000000 2.055000 2.500000 
19.589510 30.000000 2.079750 2.500000 
19.465300 30.000000 2.104500 2.500000 
19.304586 30.000000 2.137500 2.500000 
19.226248 30.000000 2.154000 2.500000 
19.048450 30.000000 2.192500 2.500000 
18.925594 30.000000 2.220000 2.500000 
18.817837 30.000000 2.244750 2.500000 
18.704758 30.000000 2.271807 2.500000 
18.605608 30.000000 2.298865 2.500000 
18.538319 30.000000 2.320879 2.500000 
18.488955 30.000000 2.340802 2.500000 
18.458162 30.000000 2.355348 2.500000 
18.435392 30.000000 2.375172 2.500000 
18.427887 30.000000 2.389940 2.500000 
18.431602 30.000000 2.403258 2.500000 
18.444958 30.000000 2.415306 2.500000 
18.464708 30.000000 2.425116 2.500000 
18.497078 30.000000 2.435985 2.500000 
18.533916 30.000000 2.444847 2.500000 
18.572300 30.000000 2.452092 2.500000 
18.625174 30.000000 2.460107 2.500000 
18.678432 30.000000 2.466654 2.500000 
18.736059 30.000000 2.472572 2.500000 
18.797598 30.000000 2.477922 2.500000 
18.862644 30.000000 2.482759 2.500000 
18.930838 30.000000 2.487131 2.500000 
19.001854 30.000000 2.491084 2.500000 
19.075403 30.000000 2.494657 2.500000 
19.151197 30.000000 2.497890 2.500000 
19.221182 30.000000 2.500530 2.500000 
19.308714 30.000000 2.503450 2.500000 
19.389137 30.000000 2.505950 2.500000 
19.469238 30.000000 2.508451 2.500000 
19.549021 30.000000 2.510951 2.500000 
19.628490 30.000000 2.513450 2.500000 
19.707638 30.000000 2.515950 2.500000 
19.786472 30.000000 2.518450 2.500000 
19.864992 30.000000 2.520951 2.500000 
19.943205 30.000000 2.523450 2.500000 
20.021107 30.000000 2.525950 2.500000 
20.098698 30.000000 2.528450 2.500000 
20.175982 30.000000 2.530951 2.500000 
20.252960 30.000000 2.533450 2.500000 
20.329636 30.000000 2.535950 2.500000 
20.406008 30.000000 2.538450 2.500000 
20.482079 30.000000 2.540951 2.500000 
20.557848 30.000000 2.543450 2.500000 
20.633322 30.000000 2.545950 2.500000 
20.708496 30.000000 2.548450 2.500000 
20.783379 30.000000 2.550951 2.500000 
20.857965 30.000000 2.553450 2.500000 
20.932261 30.000000 2.555950 2.500000 
21.006264 30.000000 2.558450 2.500000 
21.080017 30.000000 2.557763 2.500000 
21.153589 30.000000 2.556513 2.500000 
21.226980 30.000000 2.555263 2.500000 
21.300192 30.000000 2.554013 2.500000 
21.373222 30.000000 2.552763 2.500000 
21.446075 30.000000 2.551513 2.500000 
21.518747 30.000000 2.550263 2.500000 
21.591242 30.000000 2.549013 2.500000 
21.663559 30.000000 2.547763 2.500000 
21.735697 30.000000 2.546513 2.500000 
21.807657 30.000000 2.545263 2.500000 
21.879442 30.000000 2.544013 2.500000 
21.951048 30.000000 2.542763 2.500000 
22.022478 30.000000 2.541513 2.500000 
22.093731 30.000000 2.540263 2.500000 
22.164810 30.000000 2.539013 2.500000 
22.235712 30.000000 2.537763 2.500000 
22.306438 30.000000 2.536513 2.500000 
22.376991 30.000000 2.535263 2.500000 
22.447369 30.000000 2.534013 2.500000 
22.518021 30.000000 2.532763 2.500000 
22.588520 30.000000 2.531513 2.500000 
22.658844 30.000000 2.530263 2.500000 
22.728996 30.000000 2.529013 2.500000 
22.798971 30.000000 2.527763 2.500000 
22.868774 30.000000 2.526513 2.500000 
22.938404 30.000000 2.525263 2.500000 
23.007862 30.000000 2.524013 2.500000 
23.077147 30.000000 2.522763 2.500000 
23.146257 30.000000 2.521513 2.500000 
23.215197 30.000000 2.520263 2.500000 
23.283966 30.000000 2.519013 2.500000 
23.352562 30.000000 2.517763 2.500000 
23.420988 30.000000 2.516513 2.500000 
23.489244 30.000000 2.515263 2.500000 
23.557329 30.000000 2.514013 2.500000 
23.625244 30.000000 2.512763 2.500000 
23.692989 30.000000 2.511513 2.500000 
23.760567 30.000000 2.510263 2.500000 
23.827974 30.000000 2.509013 2.500000 
23.895212 30.000000 2.507763 2.500000 
23.962282 30.000000 2.506513 2.500000 
24.029184 30.000000 2.505263 2.500000 
24.095921 30.000000 2.504013 2.500000 
24.162443 30.000000 2.502769 2.500000 
24.228098 30.000000 2.501616 2.500000 
24.292728 30.000000 2.500574 2.500000 
24.356421 30.000000 2.499631 2.500000 
24.419233 30.000000 2.498779 2.500000 
24.481222 30.000000 2.498010 2.500000 
24.542456 30.000000 2.497315 2.500000 
24.602983 30.000000 2.496686 2.500000 
24.662853 30.000000 2.496118 2.500000 
24.722109 30.000000 2.495605 2.500000 
24.780790 30.000000 2.495141 2.500000 
24.838932 30.000000 2.494721 2.500000 
24.896566 30.000000 2.494343 2.500000 
24.953726 30.000000 2.494000 2.500000 
25.010433 30.000000 2.493691 2.500000 
25.066715 30.000000 2.493411 2.500000 
25.122597 30.000000 2.493159 2.500000 
25.178093 30.000000 2.492931 2.500000 
25.233227 30.000000 2.492724 2.500000 
25.288013 30.000000 2.492538 2.500000 
25.342468 30.000000 2.492370 2.500000 
25.396606 30.000000 2.492218 2.500000 
25.450439 30.000000 2.492082 2.500000 
25.503979 30.000000 2.491958 2.500000 
25.557236 30.000000 2.491846 2.500000 
25.610220 30.000000 2.491745 2.500000 
25.662941 30.000000 2.491655 2.500000 
25.715406 30.000000 2.491573 2.500000 
25.767624 30.000000 2.491499 2.500000 
25.819601 30.000000 2.491432 2.500000 
25.871340 30.000000 2.491372 2.500000 
25.922850 30.000000 2.491318 2.500000 
25.974138 30.000000 2.491269 2.500000 
26.202267 50.000000 2.491103 2.500000 
26.247423 50.000000 2.491079 2.500000 
26.302505 50.000000 2.491052 2.500000 
26.352476 50.000000 2.491030 2.500000 
26.402351 50.000000 2.491010 2.500000 
26.452135 50.000000 2.490993 2.500000 
26.501827 50.000000 2.490977 2.500000 
26.551428 50.000000 2.490963 2.500000 
26.600941 50.000000 2.490951 2.500000 
26.650366 50.000000 2.490940 2.500000 
26.699707 50.000000 2.490930 2.500000 
26.753881 50.000000 2.490921 2.500000 
26.803045 50.000000 2.490914 2.500000 
26.852125 50.000000 2.490907 2.500000 
26.901123 50.000000 2.490901 2.500000 
26.950041 50.000000 2.490896 2.500000 
26.998877 50.000000 2.490892 2.500000 
27.047632 50.000000 2.490887 2.500000 
27.096310 50.000000 2.490884 2.500000 
27.144909 50.000000 2.490881 2.500000 
27.193428 50.000000 2.490879 2.500000 
27.241871 50.000000 2.490877 2.500000 
27.290236 50.000000 2.490876 2.500000 
27.338524 50.000000 2.490875 2.500000 
27.386736 50.000000 2.490874 2.500000 
27.434872 50.000000 2.490873 2.500000 
27.482933 50.000000 2.490873 2.500000 
27.530916 50.000000 2.490873 2.500000 
27.578827 50.000000 2.490873 2.500000 
27.626661 50.000000 2.490873 2.500000 
27.674421 50.000000 2.490873 2.500000 
27.722107 50.000000 2.490874 2.500000 
27.769718 50.000000 2.490875 2.500000 
27.817255 50.000000 2.490875 2.500000 
27.864719 50.000000 2.490876 2.500000 
27.912109 50.000000 2.490877 2.500000 
27.959427 50.000000 2.490879 2.500000 
28.006670 50.000000 2.490880 2.500000 
28.053841 50.000000 2.490881 2.500000 
28.100939 50.000000 2.490882 2.500000 
28.147964 50.000000 2.490884 2.500000 
28.194918 50.000000 2.490885 2.500000 
28.241800 50.000000 2.490887 2.500000 
28.288609 50.000000 2.490888 2.500000 
28.335344 50.000000 2.490890 2.500000 
28.382010 50.000000 2.490891 2.500000 
28.428604 50.000000 2.490893 2.500000 
28.475124 50.000000 2.490895 2.500000 
28.521576 50.000000 2.490896 2.500000 
28.567955 50.000000 2.490898 2.500000 
28.614262 50.000000 2.490900 2.500000 
28.660500 50.000000 2.490902 2.500000 
28.706665 50.000000 2.490904 2.500000 
28.752760 50.000000 2.490905 2.500000 
28.798784 50.000000 2.490907 2.500000 
28.844738 50.000000 2.490909 2.500000 
28.890623 50.000000 2.490911 2.500000 
28.936436 50.000000 2.490913 2.500000 
28.982178 50.000000 2.490915 2.500000 
29.027851 50.000000 2.490916 2.500000 
29.073454 50.000000 2.490918 2.500000 
29.118988 50.000000 2.490920 2.500000 
29.164452 50.000000 2.490922 2.500000 
29.209845 50.000000 2.490924 2.500000 
29.255169 50.000000 2.490926 2.500000 
29.300425 50.000000 2.490928 2.500000 
29.345610 50.000000 2.490930 2.500000 
29.390726 50.000000 2.490932 2.500000 
29.435774 50.000000 2.490933 2.500000 
29.480753 50.000000 2.490935 2.500000 
29.525661 50.000000 2.490937 2.500000 
29.570503 50.000000 2.490939 2.500000 
29.615274 50.000000 2.490941 2.500000 
29.659979 50.000000 2.490943 2.500000 
29.704615 50.000000 2.490945 2.500000 
29.749182 50.000000 2.490947 2.500000 
29.793680 50.000000 2.490949 2.500000 
29.838110 50.000000 2.490951 2.500000 
29.882473 50.000000 2.490953 2.500000 
29.926767 50.000000 2.490955 2.500000 
29.970995 50.000000 2.490957 2.500000 
30.015154 50.000000 2.490958 2.500000 
30.059246 50.000000 2.490960 2.500000 
30.103271 50.000000 2.490962 2.500000 
30.147228 50.000000 2.490964 2.500000 
30.191118 50.000000 2.490966 2.500000 
30.234940 50.000000 2.490968 2.500000 
30.278696 50.000000 2.490970 2.500000 
30.322384 50.000000 2.490972 2.500000 
30.366007 50.000000 2.490974 2.500000 
30.409561 50.000000 2.490976 2.500000 
30.453049 50.000000 2.490978 2.500000 
30.496471 50.000000 2.490980 2.500000 
30.539827 50.000000 2.490982 2.500000 
30.742710 27.000000 2.490991 2.500000 
30.737221 27.000000 2.488937 2.500000 
30.657520 27.000000 2.481165 2.000000 
30.656116 27.000000 2.477526 2.000000 
30.655859 27.000000 2.473776 2.000000 
30.655602 27.000000 2.470026 2.000000 
30.655344 27.000000 2.466276 2.000000 
30.655085 27.000000 2.462526 2.000000 
30.654827 27.000000 2.458776 2.000000 
30.654568 27.000000 2.455026 2.000000 
30.654308 27.000000 2.451276 2.000000 
30.654047 27.000000 2.447526 2.000000 
30.653788 27.000000 2.443776 2.000000 
30.653526 27.000000 2.440026 2.000000 
30.653265 27.000000 2.436276 2.000000 
30.653004 27.000000 2.432526 2.000000 
30.652742 27.000000 2.428776 2.000000 
30.652479 27.000000 2.425026 2.000000 
30.652218 27.000000 2.421276 2.000000 
30.651955 27.000000 2.417526 2.000000 
30.651691 27.000000 2.413776 2.000000 
30.651426 27.000000 2.410026 2.000000 
30.651163 27.000000 2.406276 2.000000 
30.650898 27.000000 2.402526 2.000000 
30.650633 27.000000 2.398776 2.000000 
30.650368 27.000000 2.395026 2.000000 
30.650101 27.000000 2.391276 2.000000 
30.649836 27.000000 2.387526 2.000000 
30.649569 27.000000 2.383776 2.000000 
30.649302 27.000000 2.380026 2.000000 
30.649035 27.000000 2.376276 2.000000 
30.648766 27.000000 2.372526 2.000000 
30.648497 27.000000 2.368776 2.000000 
30.648228 27.000000 2.365026 2.000000 
30.647959 27.000000 2.361276 2.000000 
30.647690 27.000000 2.357526 2.000000 
30.647419 27.000000 2.353776 2.000000 
30.647148 27.000000 2.350026 2.000000 
30.646877 27.000000 2.346276 2.000000 
30.646606 27.000000 2.342526 2.000000 
30.646336 27.000000 2.338776 2.000000 
30.646063 27.000000 2.335026 2.000000 
30.645790 27.000000 2.331276 2.000000 
30.645517 27.000000 2.327526 2.000000 
30.645243 27.000000 2.323776 2.000000 
30.644970 27.000000 2.320026 2.000000 
30.644695 27.000000 2.316276 2.000000 
30.644421 27.000000 2.312526 2.000000 
30.644146 27.000000 2.308776 2.000000 
30.643869 27.000000 2.305026 2.000000 
30.643593 27.000000 2.301276 2.000000 
30.643316 27.000000 2.297526 2.000000 
30.643040 27.000000 2.293776 2.000000 
30.642763 27.000000 2.290026 2.000000 
30.642485 27.000000 2.286276 2.000000 
30.642206 27.000000 2.282526 2.000000 
30.641928 27.000000 2.278776 2.000000 
30.641647 27.000000 2.275026 2.000000 
30.641369 27.000000 2.271276 2.000000 
30.641088 27.000000 2.267526 2.000000 
30.640808 27.000000 2.263776 2.000000 
30.640526 27.000000 2.260026 2.000000 
30.640245 27.000000 2.256276 2.000000 
30.639963 27.000000 2.252526 2.000000 
30.639681 27.000000 2.248776 2.000000 
30.639397 27.000000 2.245026 2.000000 
30.639114 27.000000 2.241276 2.000000 
30.638830 27.000000 2.237526 2.000000 
30.638546 27.000000 2.233776 2.000000 
30.638262 27.000000 2.230026 2.000000 
30.637976 27.000000 2.226276 2.000000 
30.637690 27.000000 2.222526 2.000000 
30.637375 27.000000 2.218776 2.000000 
30.637089 27.000000 2.215026 2.000000 
30.636801 27.000000 2.210901 2.000000 
30.636513 27.000000 2.207526 2.000000 
30.636225 27.000000 2.203401 2.000000 
30.635937 27.000000 2.199651 2.000000 
30.635647 27.000000 2.195901 2.000000 
30.635357 27.000000 2.192151 2.000000 
30.635067 27.000000 2.188401 2.000000 
30.634777 27.000000 2.184651 2.000000 
30.634485 27.000000 2.181276 2.000000 
30.634224 27.000000 2.177526 2.000000 
30.633902 27.000000 2.173401 2.000000 
30.633610 27.000000 2.169651 2.000000 
30.633316 27.000000 2.165901 2.000000 
30.633022 27.000000 2.162151 2.000000 
30.632729 27.000000 2.158401 2.000000 
30.632435 27.000000 2.154651 2.000000 
30.632139 27.000000 2.150901 2.000000 
30.631844 27.000000 2.147151 2.000000 
30.631548 27.000000 2.143401 2.000000 
30.631250 27.000000 2.139651 2.000000 
30.630953 27.000000 2.135901 2.000000 
30.630655 27.000000 2.132151 2.000000 
30.630358 27.000000 2.128401 2.000000 
30.630058 27.000000 2.124651 2.000000 
30.629759 27.000000 2.120901 2.000000 
30.629459 27.000000 2.117151 2.000000 
30.629160 27.000000 2.113401 2.000000 
30.628859 27.000000 2.109651 2.000000 
30.628557 27.000000 2.105901 2.000000 
30.628256 27.000000 2.102151 2.000000 
30.627953 27.000000 2.098401 2.000000 
30.627651 27.000000 2.094651 2.000000 
30.627348 27.000000 2.090901 2.000000 
30.627043 27.000000 2.087151 2.000000 
30.626740 27.000000 2.083401 2.000000 
30.626434 27.000000 2.079651 2.000000 
30.626127 27.000000 2.075901 2.000000 
30.625822 27.000000 2.072151 2.000000 
30.625515 27.000000 2.068401 2.000000 
30.625208 27.000000 2.064651 2.000000 
30.624901 27.000000 2.060901 2.000000 
30.624592 27.000000 2.057151 2.000000 
30.624283 27.000000 2.053401 2.000000 
30.623974 27.000000 2.049651 2.000000 
30.623663 27.000000 2.045901 2.000000 
30.623354 27.000000 2.042151 2.000000 
30.623041 27.000000 2.038401 2.000000 
30.622730 27.000000 2.034651 2.000000 
30.622417 27.000000 2.030901 2.000000 
30.622105 27.000000 2.027151 2.000000 
30.621792 27.000000 2.023401 2.000000 
30.621477 27.000000 2.019651 2.000000 
30.621164 27.000000 2.015901 2.000000 
30.620848 27.000000 2.012151 2.000000 
30.620533 27.000000 2.008401 2.000000 
30.620216 27.000000 2.004651 2.000000 
30.619047 27.000000 2.000968 2.000000 
30.613697 27.000000 1.997611 2.000000 
30.604202 27.000000 1.994576 2.000000 
30.590950 27.000000 1.991833 2.000000 
30.574301 27.000000 1.989354 2.000000 
30.554577 27.000000 1.987113 2.000000 
30.532076 27.000000 1.985088 2.000000 
30.507067 27.000000 1.983257 2.000000 
30.479795 27.000000 1.981603 2.000000 
30.450485 27.000000 1.980108 2.000000 
30.419338 27.000000 1.978757 2.000000 
30.386538 27.000000 1.977537 2.000000 
30.352249 27.000000 1.976434 2.000000 
30.316628 27.000000 1.975437 2.000000 
30.279806 27.000000 1.974537 2.000000 
30.241909 27.000000 1.973724 2.000000 
30.203051 27.000000 1.972989 2.000000 
30.163332 27.000000 1.972326 2.000000 
30.122843 27.000000 1.971727 2.000000 
30.081671 27.000000 1.971186 2.000000 
30.039885 27.000000 1.970698 2.000000 
29.997559 27.000000 1.970257 2.000000 
29.954750 27.000000 1.969859 2.000000 
29.911516 27.000000 1.969500 2.000000 
29.867908 27.000000 1.969176 2.000000 
29.823969 27.000000 1.968884 2.000000 
29.779739 27.000000 1.968621 2.000000 
29.735260 27.000000 1.968383 2.000000 
29.690559 27.000000 1.968169 2.000000 
29.645672 27.000000 1.967976 2.000000 
29.600622 27.000000 1.967803 2.000000 
29.555435 27.000000 1.967646 2.000000 
29.510132 27.000000 1.967506 2.000000 
29.464735 27.000000 1.967379 2.000000 
29.419262 27.000000 1.967266 2.000000 
29.373726 27.000000 1.967164 2.000000 
29.328146 27.000000 1.967072 2.000000 
29.282532 27.000000 1.966990 2.000000 
29.236897 27.000000 1.966917 2.000000 
29.200382 27.000000 1.966864 2.000000 
29.145615 27.000000 1.966792 2.000000 
29.104542 27.000000 1.966744 2.000000 
29.054358 27.000000 1.966692 2.000000 
29.013317 27.000000 1.966655 2.000000 
28.963188 27.000000 1.966614 2.000000 
28.917654 27.000000 1.966582 2.000000 
28.872160 27.000000 1.966553 2.000000 
28.826710 27.000000 1.966527 2.000000 
28.785847 27.000000 1.966507 2.000000 
28.735962 27.000000 1.966486 2.000000 
28.695196 27.000000 1.966471 2.000000 
28.640919 27.000000 1.966455 2.000000 
28.600269 27.000000 1.966442 2.000000 
28.550655 27.000000 1.966432 2.000000 
28.505623 27.000000 1.966423 2.000000 
28.460659 27.000000 1.966415 2.000000 
28.415766 27.000000 1.966409 2.000000 
28.370943 27.000000 1.966405 2.000000 
28.326195 27.000000 1.966401 2.000000 
28.281521 27.000000 1.966399 2.000000 
28.236921 27.000000 1.966397 2.000000 
28.196848 27.000000 1.966397 2.000000 
28.147955 27.000000 1.966397 2.000000 
28.108021 27.000000 1.966398 2.000000 
28.063725 27.000000 1.966399 2.000000 
28.019508 27.000000 1.966401 2.000000 
27.970963 27.000000 1.966404 2.000000 
27.926914 27.000000 1.966407 2.000000 
27.882946 27.000000 1.966410 2.000000 
27.839058 27.000000 1.966414 2.000000 
27.795252 27.000000 1.966418 2.000000 
27.751528 27.000000 1.966422 2.000000 
27.707886 27.000000 1.966427 2.000000 
27.664326 27.000000 1.966432 2.000000 
27.620846 27.000000 1.966437 2.000000 
27.577450 27.000000 1.966442 2.000000 
27.534134 27.000000 1.966447 2.000000 
27.490902 27.000000 1.966453 2.000000 
27.452065 27.000000 1.966458 2.000000 
27.404684 27.000000 1.966465 2.000000 
27.361698 27.000000 1.966471 2.000000 
27.318796 27.000000 1.966477 2.000000 
27.275974 27.000000 1.966483 2.000000 
27.233234 27.000000 1.966490 2.000000 
27.194839 27.000000 1.966495 2.000000 
27.148087 27.000000 1.966506 2.000000 
27.109283 27.000000 1.966644 2.000000 
27.078850 27.000000 1.966909 2.000000 
27.046862 27.000000 1.967370 2.000000 
27.022236 27.000000 1.967885 2.000000 
27.001373 27.000000 1.968462 2.000000 
26.983841 27.000000 1.969077 2.000000 
26.969238 27.000000 1.969712 2.000000 
26.957201 27.000000 1.970353 2.000000 
26.947393 27.000000 1.970985 2.000000 
26.939512 27.000000 1.971601 2.000000 
26.933287 27.000000 1.972192 2.000000 
26.928473 27.000000 1.972700 2.000000 
26.924856 27.000000 1.973284 2.000000 
26.922245 27.000000 1.973779 2.000000 
26.920471 27.000000 1.974193 2.000000 
26.919552 27.000000 1.974578 2.000000 
26.918856 27.000000 1.975047 2.000000 
26.918768 27.000000 1.975400 2.000000 
26.919065 27.000000 1.975717 2.000000 
26.919641 27.000000 1.976003 2.000000 
26.920424 27.000000 1.976258 2.000000 
26.921356 27.000000 1.976485 2.000000 
26.922392 27.000000 1.976686 2.000000 
26.923489 27.000000 1.976864 2.000000 
26.924616 27.000000 1.977019 2.000000 
26.925749 27.000000 1.977155 2.000000 
26.926865 27.000000 1.977272 2.000000 
26.927948 27.000000 1.977374 2.000000 
26.928988 27.000000 1.977461 2.000000 
26.929974 27.000000 1.977535 2.000000 
26.930902 27.000000 1.977598 2.000000 
26.931768 27.000000 1.977651 2.000000 
26.932570 27.000000 1.977696 2.000000 
26.933306 27.000000 1.977733 2.000000 
26.933979 27.000000 1.977763 2.000000 
26.934591 27.000000 1.977788 2.000000 
26.935144 27.000000 1.977808 2.000000 
26.935640 27.000000 1.977824 2.000000 
26.936083 27.000000 1.977837 2.000000 
26.936440 27.000000 1.977846 2.000000 
26.936825 27.000000 1.977855 2.000000 
26.937130 27.000000 1.977861 2.000000 
26.937397 27.000000 1.977865 2.000000 
26.937609 27.000000 1.977868 2.000000 
26.937775 27.000000 1.977870 2.000000 
26.938005 27.000000 1.977872 2.000000 
26.938152 27.000000 1.977874 2.000000 
26.938267 27.000000 1.977874 2.000000 
26.938374 27.000000 1.977875 2.000000 
26.938471 27.000000 1.977876 2.000000 
26.938543 27.000000 1.977876 2.000000 
26.938602 27.000000 1.977877 2.000000 
26.938652 27.000000 1.977878 2.000000 
26.938690 27.000000 1.977879 2.000000 
26.938721 27.000000 1.977880 2.000000 
26.938744 27.000000 1.977882 2.000000 
26.938761 27.000000 1.977884 2.000000 
26.938770 27.000000 1.977885 2.000000 
26.938780 27.000000 1.977888 2.000000 
26.938786 27.000000 1.977890 2.000000 
26.938787 27.000000 1.977893 2.000000 
26.938789 27.000000 1.977896 2.000000 
26.938789 27.000000 1.977899 2.000000 
26.938787 27.000000 1.977902 2.000000 
26.938784 27.000000 1.977905 2.000000 
26.938782 27.000000 1.977909 2.000000 
26.938778 27.000000 1.977913 2.000000 
26.938774 27.000000 1.977916 2.000000 
26.938770 27.000000 1.977920 2.000000 
26.938768 27.000000 1.977924 2.000000 
26.938765 27.000000 1.977929 2.000000 
26.938763 27.000000 1.977933 2.000000 
26.938759 27.000000 1.977937 2.000000 
26.938757 27.000000 1.977942 2.000000 
26.938755 27.000000 1.977946 2.000000 
26.938755 27.000000 1.977951 2.000000 
26.938753 27.000000 1.977955 2.000000 
26.938753 27.000000 1.977960 2.000000 
26.938753 27.000000 1.977964 2.000000 
26.938753 27.000000 1.977969 2.000000 
26.938755 27.000000 1.977974 2.000000 
26.938755 27.000000 1.977978 2.000000 
26.938757 27.000000 1.977983 2.000000 
26.938757 27.000000 1.977987 2.000000 
26.938759 27.000000 1.977992 2.000000 
26.938761 27.000000 1.977997 2.000000 
26.938765 27.000000 1.978002 2.000000 
26.938766 27.000000 1.978007 2.000000 
26.938768 27.000000 1.978011 2.000000 
26.938772 27.000000 1.978016 2.000000 
26.938774 27.000000 1.978021 2.000000 
26.938778 27.000000 1.978025 2.000000 
26.938780 27.000000 1.978030 2.000000 
26.938784 27.000000 1.978035 2.000000 
26.938787 27.000000 1.978040 2.000000 
26.938791 27.000000 1.978045 2.000000 
26.938795 27.000000 1.978049 2.000000 
26.938799 27.000000 1.978054 2.000000 
26.938803 27.000000 1.978059 2.000000 
26.938807 27.000000 1.978063 2.000000 
26.938808 27.000000 1.978068 2.000000 
26.938812 27.000000 1.978073 2.000000 
26.938816 27.000000 1.978078 2.000000 
26.938820 27.000000 1.978082 2.000000 
26.938824 27.000000 1.978087 2.000000 
26.938828 27.000000 1.978092 2.000000 
26.938831 27.000000 1.978096 2.000000 
26.938835 27.000000 1.978101 2.000000 
26.938839 27.000000 1.978106 2.000000 
26.938843 27.000000 1.978111 2.000000 
26.938847 27.000000 1.978115 2.000000 
26.938850 27.000000 1.978120 2.000000 
26.938854 27.000000 1.978125 2.000000 
26.938858 27.000000 1.978129 2.000000 
26.938862 27.000000 1.978134 2.000000 
26.938866 27.000000 1.978139 2.000000 
26.938869 27.000000 1.978143 2.000000 
26.938871 27.000000 1.978148 2.000000 
26.938875 27.000000 1.978153 2.000000 
26.938879 27.000000 1.978158 2.000000 
26.938883 27.000000 1.978162 2.000000 
26.938887 27.000000 1.978167 2.000000 
26.938890 27.000000 1.978172 2.000000 
26.938894 27.000000 1.978176 2.000000 
26.938898 27.000000 1.978181 2.000000 
26.938902 27.000000 1.978186 2.000000 
26.938906 27.000000 1.978190 2.000000 
26.938910 27.000000 1.978195 2.000000 
26.938913 27.000000 1.978200 2.000000 
26.938917 27.000000 1.978204 2.000000 
26.938921 27.000000 1.978209 2.000000 
26.938925 27.000000 1.978214 2.000000 
26.938929 27.000000 1.978218 2.000000 
26.938931 27.000000 1.978223 2.000000 
26.938934 27.000000 1.978228 2.000000 
26.938938 27.000000 1.978233 2.000000 
26.938942 27.000000 1.978237 2.000000 
26.938946 27.000000 1.978242 2.000000 
26.938950 27.000000 1.978246 2.000000 
26.938953 27.000000 1.978251 2.000000 
26.938957 27.000000 1.978256 2.000000 
26.938961 27.000000 1.978261 2.000000 
26.938965 27.000000 1.978265 2.000000 
26.938969 27.000000 1.978270 2.000000 
26.938972 27.000000 1.978274 2.000000 
26.938976 27.000000 1.978279 2.000000 
26.938980 27.000000 1.978284 2.000000 
26.938984 27.000000 1.978289 2.000000 
26.938986 27.000000 1.978293 2.000000 
26.938990 27.000000 1.978298 2.000000 
26.938993 27.000000 1.978302 2.000000 
26.938997 27.000000 1.978307 2.000000 
26.939001 27.000000 1.978312 2.000000 
26.939005 27.000000 1.978316 2.000000 
26.939009 27.000000 1.978321 2.000000 
26.939013 27.000000 1.978326 2.000000 
26.939016 27.000000 1.978330 2.000000 
26.939020 27.000000 1.978335 2.000000 
26.939024 27.000000 1.978340 2.000000 
26.939028 27.000000 1.978344 2.000000 
26.939032 27.000000 1.978349 2.000000 
26.939035 27.000000 1.978354 2.000000 
26.939039 27.000000 1.978358 2.000000 
26.939043 27.000000 1.978363 2.000000 
26.939045 27.000000 1.978368 2.000000 
26.939049 27.000000 1.978373 2.000000 
26.939053 27.000000 1.978377 2.000000 
26.939056 27.000000 1.978382 2.000000 
26.939060 27.000000 1.978387 2.000000 
26.939064 27.000000 1.978391 2.000000 
26.939068 27.000000 1.978395 2.000000 
26.939072 27.000000 1.978401 2.000000 
26.939075 27.000000 1.978405 2.000000 
26.939079 27.000000 1.978410 2.000000 
26.939083 27.000000 1.978414 2.000000 
26.939087 27.000000 1.978419 2.000000 
26.939091 27.000000 1.978424 2.000000 
26.939095 27.000000 1.978428 2.000000 
26.939098 27.000000 1.978433 2.000000 
26.939100 27.000000 1.978438 2.000000 
26.939104 27.000000 1.978442 2.000000 
26.939108 27.000000 1.978447 2.000000 
26.939112 27.000000 1.978451 2.000000 
26.939116 27.000000 1.978456 2.000000 
26.939119 27.000000 1.978460 2.000000 
26.939123 27.000000 1.978465 2.000000 
26.939127 27.000000 1.978470 2.000000 
26.939131 27.000000 1.978475 2.000000 
26.939135 27.000000 1.978479 2.000000 
26.939138 27.000000 1.978484 2.000000 
26.939142 27.000000 1.978488 2.000000 
26.939146 27.000000 1.978493 2.000000 
26.939150 27.000000 1.978498 2.000000 
26.939154 27.000000 1.978502 2.000000 
26.939156 27.000000 1.978507 2.000000 
26.939159 27.000000 1.978512 2.000000 
26.939163 27.000000 1.978516 2.000000 
26.939167 27.000000 1.978521 2.000000 
26.939171 27.000000 1.978525 2.000000 
26.939175 27.000000 1.978530 2.000000 
26.939178 27.000000 1.978535 2.000000 
26.939182 27.000000 1.978539 2.000000 
26.939186 27.000000 1.978544 2.000000 
26.939190 27.000000 1.978548 2.000000 
26.939194 27.000000 1.978553 2.000000 
26.939198 27.000000 1.978558 2.000000 
26.939201 27.000000 1.978562 2.000000 
26.939205 27.000000 1.978567 2.000000 
26.939209 27.000000 1.978571 2.000000 
26.939211 27.000000 1.978576 2.000000 
26.939215 27.000000 1.978581 2.000000 
26.939219 27.000000 1.978585 2.000000 
26.939222 27.000000 1.978590 2.000000 
26.939226 27.000000 1.978594 2.000000 
26.939230 27.000000 1.978599 2.000000 
26.939234 27.000000 1.978604 2.000000 
26.939238 27.000000 1.978608 2.000000 
26.939241 27.000000 1.978613 2.000000 
26.939245 27.000000 1.978617 2.000000 
26.939249 27.000000 1.978622 2.000000 
26.939253 27.000000 1.978627 2.000000 
26.939257 27.000000 1.978631 2.000000 
26.939260 27.000000 1.978636 2.000000 
26.939262 27.000000 1.978640 2.000000 
26.939266 27.000000 1.978645 2.000000 
26.939270 27.000000 1.978649 2.000000 
26.939274 27.000000 1.978654 2.000000 
26.939278 27.000000 1.978659 2.000000 
26.939281 27.000000 1.978663 2.000000 
26.939285 27.000000 1.978668 2.000000 
26.939289 27.000000 1.978672 2.000000 
26.939293 27.000000 1.978677 2.000000 
26.939297 27.000000 1.978682 2.000000 
26.939301 27.000000 1.978686 2.000000 
26.939304 27.000000 1.978691 2.000000 
26.939308 27.000000 1.978695 2.000000 
26.939312 27.000000 1.978700 2.000000 
26.939314 27.000000 1.978704 2.000000 
26.939318 27.000000 1.978709 2.000000 
26.939322 27.000000 1.978714 2.000000 
26.939325 27.000000 1.978718 2.000000 
26.939329 27.000000 1.978722 2.000000 
26.939333 27.000000 1.978727 2.000000 
26.939337 27.000000 1.978732 2.000000 
26.939341 27.000000 1.978737 2.000000 
26.939344 27.000000 1.978741 2.000000 
26.939346 27.000000 1.978745 2.000000 
26.939352 27.000000 1.978750 2.000000 
26.939356 27.000000 1.978755 2.000000 
26.939360 27.000000 1.978759 2.000000 
26.939362 27.000000 1.978764 2.000000 
26.939367 27.000000 1.978768 2.000000 
26.939369 27.000000 1.978773 2.000000 
26.939373 27.000000 1.978778 2.000000 
26.939377 27.000000 1.978782 2.000000 
26.939381 27.000000 1.978787 2.000000 
26.939384 27.000000 1.978791 2.000000 
26.939388 27.000000 1.978796 2.000000 
26.939392 27.000000 1.978800 2.000000 
26.939396 27.000000 1.978805 2.000000 
26.939400 27.000000 1.978809 2.000000 
26.939404 27.000000 1.978814 2.000000 
26.939407 27.000000 1.978819 2.000000 
26.939411 27.000000 1.978823 2.000000 
26.939415 27.000000 1.978828 2.000000 
26.939419 27.000000 1.978832 2.000000 
26.939421 27.000000 1.978837 2.000000 
26.939425 27.000000 1.978841 2.000000 
26.939428 27.000000 1.978846 2.000000 
26.939432 27.000000 1.978850 2.000000 
26.939436 27.000000 1.978855 2.000000 
26.939440 27.000000 1.978859 2.000000 
26.939444 27.000000 1.978863 2.000000 
26.939447 27.000000 1.978868 2.000000 
26.939451 27.000000 1.978873 2.000000 
26.939455 27.000000 1.978878 2.000000 
26.939459 27.000000 1.978882 2.000000 
26.939463 27.000000 1.978887 2.000000 
26.939466 27.000000 1.978891 2.000000 
26.939470 27.000000 1.978896 2.000000 
26.939474 27.000000 1.978900 2.000000 
26.939478 27.000000 1.978905 2.000000 
26.939480 27.000000 1.978909 2.000000 
26.939484 27.000000 1.978914 2.000000 
26.939487 27.000000 1.978918 2.000000 
26.939491 27.000000 1.978923 2.000000 
26.939495 27.000000 1.978927 2.000000 
26.939499 27.000000 1.978932 2.000000 
26.939503 27.000000 1.978936 2.000000 
26.939507 27.000000 1.978940 2.000000 
26.939510 27.000000 1.978945 2.000000 
26.939514 27.000000 1.978950 2.000000 
26.939516 27.000000 1.978955 2.000000 
26.939520 27.000000 1.978959 2.000000 
26.939524 27.000000 1.978963 2.000000 
26.939528 27.000000 1.978968 2.000000 
26.939531 27.000000 1.978973 2.000000 
26.939535 27.000000 1.978977 2.000000 
26.939539 27.000000 1.978982 2.000000 
26.939543 27.000000 1.978986 2.000000 
26.939547 27.000000 1.978991 2.000000 
26.939550 27.000000 1.978995 2.000000 
26.939552 27.000000 1.978998 2.000000 
26.939558 27.000000 1.979004 2.000000 
26.939562 27.000000 1.979009 2.000000 
26.939566 27.000000 1.979013 2.000000 
26.939569 27.000000 1.979018 2.000000 
26.939573 27.000000 1.979022 2.000000 
26.939577 27.000000 1.979027 2.000000 
26.939581 27.000000 1.979031 2.000000 
26.939585 27.000000 1.979036 2.000000 
26.939589 27.000000 1.979040 2.000000 
26.939592 27.000000 1.979045 2.000000 
26.939594 27.000000 1.979049 2.000000 
26.939598 27.000000 1.979054 2.000000 
26.939602 27.000000 1.979058 2.000000 
26.939606 27.000000 1.979063 2.000000 
26.939610 27.000000 1.979067 2.000000 
26.939613 27.000000 1.979072 2.000000 
26.939617 27.000000 1.979076 2.000000 
26.939621 27.000000 1.979081 2.000000 
26.939625 27.000000 1.979085 2.000000 
26.939629 27.000000 1.979089 2.000000 
26.939632 27.000000 1.979094 2.000000 
26.939636 27.000000 1.979099 2.000000 
26.939638 27.000000 1.979103 2.000000 
26.939642 27.000000 1.979107 2.000000 
26.939646 27.000000 1.979112 2.000000 
26.939650 27.000000 1.979116 2.000000 
26.939653 27.000000 1.979121 2.000000 
26.939657 27.000000 1.979125 2.000000 
26.939661 27.000000 1.979130 2.000000 
26.939665 27.000000 1.979134 2.000000 
26.939669 27.000000 1.979139 2.000000 
26.939672 27.000000 1.979143 2.000000 
26.939676 27.000000 1.979148 2.000000 
26.939680 27.000000 1.979152 2.000000 
26.939682 27.000000 1.979157 2.000000 
26.939686 27.000000 1.979161 2.000000 
26.939690 27.000000 1.979166 2.000000 
26.939693 27.000000 1.979170 2.000000 
26.939697 27.000000 1.979175 2.000000 
26.939701 27.000000 1.979179 2.000000 
26.939705 27.000000 1.979184 2.000000 
26.939709 27.000000 1.979188 2.000000 
26.939713 27.000000 1.979192 2.000000 
26.939716 27.000000 1.979197 2.000000 
26.939720 27.000000 1.979201 2.000000 
26.939724 27.000000 1.979206 2.000000 
26.939728 27.000000 1.979210 2.000000 
26.939732 27.000000 1.979215 2.000000 
26.939734 27.000000 1.979219 2.000000 
26.939737 27.000000 1.979224 2.000000 
26.939741 27.000000 1.979228 2.000000 
26.939745 27.000000 1.979233 2.000000 
26.939749 27.000000 1.979237 2.000000 
26.939753 27.000000 1.979242 2.000000 
26.939756 27.000000 1.979246 2.000000 
26.939760 27.000000 1.979251 2.000000 
26.939800 23.000000 1.979299 2.000000 
26.917362 23.000000 1.978497 2.000000 
26.880226 23.000000 1.977328 2.000000 
26.851374 23.000000 1.976545 2.000000 
26.815163 23.000000 1.975676 2.000000 
26.781363 23.000000 1.974970 2.000000 
26.746851 23.000000 1.974332 2.000000 
26.711704 23.000000 1.973756 2.000000 
26.675991 23.000000 1.973236 2.000000 
26.639774 23.000000 1.972766 2.000000 
26.603109 23.000000 1.972342 2.000000 
26.566050 23.000000 1.971959 2.000000 
26.528637 23.000000 1.971614 2.000000 
26.490917 23.000000 1.971303 2.000000 
26.452927 23.000000 1.971022 2.000000 
26.414700 23.000000 1.970768 2.000000 
26.376265 23.000000 1.970540 2.000000 
26.337652 23.000000 1.970334 2.000000 
26.298885 23.000000 1.970148 2.000000 
26.259987 23.000000 1.969981 2.000000 
26.220978 23.000000 1.969831 2.000000 
26.181875 23.000000 1.969696 2.000000 
26.142698 23.000000 1.969574 2.000000 
26.103458 23.000000 1.969465 2.000000 
26.064173 23.000000 1.969366 2.000000 
26.024851 23.000000 1.969278 2.000000 
25.989441 23.000000 1.969207 2.000000 
25.946144 23.000000 1.969128 2.000000 
25.906778 23.000000 1.969065 2.000000 
25.867414 23.000000 1.969008 2.000000 
25.828060 23.000000 1.968957 2.000000 
25.788723 23.000000 1.968912 2.000000 
25.749405 23.000000 1.968872 2.000000 
25.710115 23.000000 1.968837 2.000000 
25.670858 23.000000 1.968805 2.000000 
25.631636 23.000000 1.968777 2.000000 
25.592455 23.000000 1.968753 2.000000 
25.553316 23.000000 1.968731 2.000000 
25.514225 23.000000 1.968712 2.000000 
25.475183 23.000000 1.968696 2.000000 
25.436192 23.000000 1.968682 2.000000 
25.397257 23.000000 1.968670 2.000000 
25.358376 23.000000 1.968659 2.000000 
25.319553 23.000000 1.968650 2.000000 
25.280790 23.000000 1.968643 2.000000 
25.242088 23.000000 1.968637 2.000000 
25.203449 23.000000 1.968633 2.000000 
25.164871 23.000000 1.968629 2.000000 
25.126360 23.000000 1.968626 2.000000 
25.087914 23.000000 1.968625 2.000000 
25.049532 23.000000 1.968624 2.000000 
25.011219 23.000000 1.968624 2.000000 
24.972971 23.000000 1.968624 2.000000 
24.934793 23.000000 1.968625 2.000000 
24.896683 23.000000 1.968627 2.000000 
24.858641 23.000000 1.968629 2.000000 
24.820669 23.000000 1.968632 2.000000 
24.782766 23.000000 1.968635 2.000000 
24.744932 23.000000 1.968638 2.000000 
24.707170 23.000000 1.968642 2.000000 
24.669477 23.000000 1.968646 2.000000 
24.631855 23.000000 1.968650 2.000000 
24.594303 23.000000 1.968654 2.000000 
24.556822 23.000000 1.968659 2.000000 
24.519411 23.000000 1.968664 2.000000 
24.482071 23.000000 1.968669 2.000000 
24.444803 23.000000 1.968674 2.000000 
24.407604 23.000000 1.968680 2.000000 
24.370478 23.000000 1.968685 2.000000 
24.333422 23.000000 1.968691 2.000000 
24.296436 23.000000 1.968696 2.000000 
24.259521 23.000000 1.968702 2.000000 
24.222677 23.000000 1.968708 2.000000 
24.185904 23.000000 1.968714 2.000000 
24.149200 23.000000 1.968720 2.000000 
24.112570 23.000000 1.968726 2.000000 
24.076008 23.000000 1.968732 2.000000 
24.039516 23.000000 1.968739 2.000000 
24.003096 23.000000 1.968745 2.000000 
23.966745 23.000000 1.968751 2.000000 
23.930464 23.000000 1.968757 2.000000 
23.894255 23.000000 1.968764 2.000000 
23.858114 23.000000 1.968770 2.000000 
23.822044 23.000000 1.968777 2.000000 
23.786043 23.000000 1.968783 2.000000 
23.750113 23.000000 1.968790 2.000000 
23.714251 23.000000 1.968796 2.000000 
23.678457 23.000000 1.968803 2.000000 
23.642735 23.000000 1.968809 2.000000 
23.607080 23.000000 1.968816 2.000000 
23.571497 23.000000 1.968822 2.000000 
23.535980 23.000000 1.968829 2.000000 
23.500534 23.000000 1.968835 2.000000 
23.465155 23.000000 1.968842 2.000000 
23.429846 23.000000 1.968849 2.000000 
23.394604 23.000000 1.968855 2.000000 
23.359430 23.000000 1.968862 2.000000 
23.324326 23.000000 1.968868 2.000000 
23.289289 23.000000 1.968875 2.000000 
23.254320 23.000000 1.968882 2.000000 
23.219419 23.000000 1.968888 2.000000 
23.184587 23.000000 1.968895 2.000000 
23.076010 60.000000 1.969323 2.000000 
23.105394 60.000000 1.971396 2.000000 
23.145870 60.000000 1.973577 2.000000 
23.188118 60.000000 1.975546 2.000000 
23.232002 60.000000 1.977321 2.000000 
23.277300 60.000000 1.978924 2.000000 
23.323858 60.000000 1.980374 2.000000 
23.371544 60.000000 1.981685 2.000000 
23.415329 60.000000 1.982757 2.000000 
23.469824 60.000000 1.983944 2.000000 
23.525299 60.000000 1.985007 2.000000 
23.576502 60.000000 1.985791 2.000000 
23.623129 60.000000 1.986583 2.000000 
23.680740 60.000000 1.987367 2.000000 
23.733643 60.000000 1.988008 2.000000 
23.781637 60.000000 1.988533 2.000000 
23.840729 60.000000 1.989113 2.000000 
23.889389 60.000000 1.989542 2.000000 
23.949196 60.000000 1.990016 2.000000 
24.003845 60.000000 1.990404 2.000000 
24.058723 60.000000 1.990755 2.000000 
24.113798 60.000000 1.991072 2.000000 
24.169041 60.000000 1.991359 2.000000 
24.224426 60.000000 1.991619 2.000000 
24.279932 60.000000 1.991853 2.000000 
24.335535 60.000000 1.992066 2.000000 
24.391216 60.000000 1.992258 2.000000 
24.446960 60.000000 1.992432 2.000000 
24.502750 60.000000 1.992589 2.000000 
24.558569 60.000000 1.992732 2.000000 
24.614408 60.000000 1.992860 2.000000 
24.670254 60.000000 1.992977 2.000000 
24.726095 60.000000 1.993083 2.000000 
24.781923 60.000000 1.993178 2.000000 
24.837730 60.000000 1.993265 2.000000 
24.893505 60.000000 1.993343 2.000000 
24.949245 60.000000 1.993414 2.000000 
25.004940 60.000000 1.993478 2.000000 
25.060587 60.000000 1.993536 2.000000 
25.116179 60.000000 1.993589 2.000000 
25.171711 60.000000 1.993637 2.000000 
25.227180 60.000000 1.993680 2.000000 
25.282583 60.000000 1.993720 2.000000 
25.337914 60.000000 1.993755 2.000000 
25.393171 60.000000 1.993788 2.000000 
25.448351 60.000000 1.993817 2.000000 
25.503452 60.000000 1.993844 2.000000 
25.558474 60.000000 1.993868 2.000000 
25.613409 60.000000 1.993890 2.000000 
25.668259 60.000000 1.993910 2.000000 
25.723022 60.000000 1.993928 2.000000 
25.777699 60.000000 1.993945 2.000000 
25.832283 60.000000 1.993960 2.000000 
25.886776 60.000000 1.993974 2.000000 
25.941179 60.000000 1.993987 2.000000 
25.995487 60.000000 1.993998 2.000000 
26.049702 60.000000 1.994009 2.000000 
26.103823 60.000000 1.994018 2.000000 
26.157846 60.000000 1.994027 2.000000 
26.211775 60.000000 1.994035 2.000000 
26.265608 60.000000 1.994043 2.000000 
26.319344 60.000000 1.994050 2.000000 
26.372982 60.000000 1.994056 2.000000 
26.426523 60.000000 1.994062 2.000000 
26.479967 60.000000 1.994067 2.000000 
26.533312 60.000000 1.994072 2.000000 
26.586559 60.000000 1.994077 2.000000 
26.639708 60.000000 1.994081 2.000000 
26.692757 60.000000 1.994085 2.000000 
26.745708 60.000000 1.994089 2.000000 
26.798561 60.000000 1.994093 2.000000 
26.851315 60.000000 1.994096 2.000000 
26.903971 60.000000 1.994099 2.000000 
26.956528 60.000000 1.994102 2.000000 
27.008986 60.000000 1.994105 2.000000 
27.061344 60.000000 1.994107 2.000000 
27.113605 60.000000 1.994110 2.000000 
27.165766 60.000000 1.994112 2.000000 
27.217831 60.000000 1.994115 2.000000 
27.269794 60.000000 1.994117 2.000000 
27.321661 60.000000 1.994119 2.000000 
27.373430 60.000000 1.994121 2.000000 
27.425100 60.000000 1.994123 2.000000 
27.476673 60.000000 1.994125 2.000000 
27.528147 60.000000 1.994126 2.000000 
27.579523 60.000000 1.994128 2.000000 
27.625679 60.000000 1.994130 2.000000 
27.681984 60.000000 1.994132 2.000000 
27.727964 60.000000 1.994133 2.000000 
27.784056 60.000000 1.994135 2.000000 
27.834946 60.000000 1.994136 2.000000 
27.885738 60.000000 1.994138 2.000000 
27.936434 60.000000 1.994139 2.000000 
27.987034 60.000000 1.994141 2.000000 
28.037539 60.000000 1.994142 2.000000 
28.087946 60.000000 1.994144 2.000000 
28.138256 60.000000 1.994145 2.000000 
28.188471 60.000000 1.994147 2.000000 
28.238590 60.000000 1.994148 2.000000 
28.288614 60.000000 1.994149 2.000000 
28.333553 60.000000 1.994151 2.000000 
28.388376 60.000000 1.994152 2.000000 
28.438114 60.000000 1.994153 2.000000 
28.487757 60.000000 1.994155 2.000000 
28.537304 60.000000 1.994156 2.000000 
28.586758 60.000000 1.994157 2.000000 
28.636118 60.000000 1.994159 2.000000 
28.685383 60.000000 1.994160 2.000000 
28.734554 60.000000 1.994161 2.000000 
28.783630 60.000000 1.994163 2.000000 
28.832615 60.000000 1.994164 2.000000 
28.881504 60.000000 1.994165 2.000000 
28.930302 60.000000 1.994167 2.000000 
28.979004 60.000000 1.994168 2.000000 
29.027615 60.000000 1.994169 2.000000 
29.076132 60.000000 1.994170 2.000000 
29.124557 60.000000 1.994172 2.000000 
29.172890 60.000000 1.994173 2.000000 
29.221130 60.000000 1.994174 2.000000 
29.269279 60.000000 1.994176 2.000000 
29.317335 60.000000 1.994177 2.000000 
29.365299 60.000000 1.994178 2.000000 
29.413172 60.000000 1.994179 2.000000 
29.460953 60.000000 1.994181 2.000000 
29.508644 60.000000 1.994182 2.000000 
29.556242 60.000000 1.994183 2.000000 
29.603750 60.000000 1.994184 2.000000 
29.651167 60.000000 1.994186 2.000000 
29.698494 60.000000 1.994187 2.000000 
29.745731 60.000000 1.994188 2.000000 
29.788166 60.000000 1.994189 2.000000 
29.839933 60.000000 1.994191 2.000000 
29.886900 60.000000 1.994192 2.000000 
29.933775 60.000000 1.994193 2.000000 
29.980562 60.000000 1.994194 2.000000 
30.027260 60.000000 1.994196 2.000000 
30.073868 60.000000 1.994197 2.000000 
30.120388 60.000000 1.994198 2.000000 
30.166819 60.000000 1.994199 2.000000 
30.213160 60.000000 1.994201 2.000000 
30.259413 60.000000 1.994202 2.000000 
30.305578 60.000000 1.994203 2.000000 
30.351656 60.000000 1.994204 2.000000 
30.397644 60.000000 1.994206 2.000000 
30.438959 60.000000 1.994207 2.000000 
30.489359 60.000000 1.994208 2.000000 
30.535084 60.000000 1.994209 2.000000 
30.580723 60.000000 1.994211 2.000000 
30.626274 60.000000 1.994212 2.000000 
30.671738 60.000000 1.994213 2.000000 
30.717115 60.000000 1.994214 2.000000 
30.762405 60.000000 1.994215 2.000000 
30.807610 60.000000 1.994217 2.000000 
30.852728 60.000000 1.994218 2.000000 
30.897760 60.000000 1.994219 2.000000 
30.933723 60.000000 1.994220 2.000000 
30.987566 60.000000 1.994222 2.000000 
31.032339 60.000000 1.994223 2.000000 
31.077028 60.000000 1.994224 2.000000 
31.121632 60.000000 1.994226 2.000000 
31.161701 60.000000 1.994227 2.000000 
31.210583 60.000000 1.994228 2.000000 
31.250500 60.000000 1.994229 2.000000 
31.299194 60.000000 1.994230 2.000000 
31.343372 60.000000 1.994232 2.000000 
31.387466 60.000000 1.994233 2.000000 
31.431477 60.000000 1.994234 2.000000 
31.475403 60.000000 1.994235 2.000000 
31.519245 60.000000 1.994237 2.000000 
31.563005 60.000000 1.994238 2.000000 
31.606680 60.000000 1.994239 2.000000 
31.650270 60.000000 1.994240 2.000000 
31.693779 60.000000 1.994242 2.000000 
31.737206 60.000000 1.994243 2.000000 
31.780546 60.000000 1.994244 2.000000 
31.823807 60.000000 1.994245 2.000000 
31.866983 60.000000 1.994246 2.000000 
31.910078 60.000000 1.994248 2.000000 
31.953091 60.000000 1.994249 2.000000 
31.996019 60.000000 1.994250 2.000000 
32.038868 60.000000 1.994251 2.000000 
32.081635 60.000000 1.994253 2.000000 
32.124317 60.000000 1.994254 2.000000 
32.166920 60.000000 1.994255 2.000000 
32.209442 60.000000 1.994256 2.000000 
32.251884 60.000000 1.994258 2.000000 
32.294243 60.000000 1.994259 2.000000 
32.336521 60.000000 1.994260 2.000000 
32.378719 60.000000 1.994261 2.000000 
32.420834 60.000000 1.994263 2.000000 
32.462872 60.000000 1.994264 2.000000 
32.504826 60.000000 1.994265 2.000000 
32.546703 60.000000 1.994266 2.000000 
32.588501 60.000000 1.994267 2.000000 
32.630215 60.000000 1.994269 2.000000 
32.671852 60.000000 1.994270 2.000000 
32.713409 60.000000 1.994271 2.000000 
32.754887 60.000000 1.994272 2.000000 
32.796284 60.000000 1.994274 2.000000 
32.837605 60.000000 1.994275 2.000000 
32.878845 60.000000 1.994276 2.000000 
32.920006 60.000000 1.994277 2.000000 
32.961090 60.000000 1.994279 2.000000 
33.002094 60.000000 1.994280 2.000000 
33.043022 60.000000 1.994281 2.000000 
33.083870 60.000000 1.994282 2.000000 
33.124638 60.000000 1.994283 2.000000 
33.165333 60.000000 1.994285 2.000000 
33.205944 60.000000 1.994286 2.000000 
33.246483 60.000000 1.994287 2.000000 
33.286942 60.000000 1.994288 2.000000 
33.327324 60.000000 1.994290 2.000000 
33.367630 60.000000 1.994291 2.000000 
33.407856 60.000000 1.994292 2.000000 
33.448009 60.000000 1.994293 2.000000 
33.488083 60.000000 1.994295 2.000000 
33.528080 60.000000 1.994296 2.000000 
33.568005 60.000000 1.994297 2.000000 
33.607849 60.000000 1.994298 2.000000 
33.643642 60.000000 1.994299 2.000000 
33.687309 60.000000 1.994301 2.000000 
33.726929 60.000000 1.994302 2.000000 
33.770420 60.000000 1.994303 2.000000 
33.805935 60.000000 1.994304 2.000000 
33.845329 60.000000 1.994305 2.000000 
33.888569 60.000000 1.994307 2.000000 
33.923885 60.000000 1.994308 2.000000 
33.963051 60.000000 1.994309 2.000000 
34.002140 60.000000 1.994310 2.000000 
34.045055 60.000000 1.994312 2.000000 
34.080097 60.000000 1.994313 2.000000 
34.122849 60.000000 1.994314 2.000000 
34.161633 60.000000 1.994315 2.000000 
34.200344 60.000000 1.994317 2.000000 
34.238983 60.000000 1.994318 2.000000 
34.277546 60.000000 1.994319 2.000000 
34.316036 60.000000 1.994320 2.000000 
34.354454 60.000000 1.994321 2.000000 
34.388966 60.000000 1.994323 2.000000 
34.431068 60.000000 1.994324 2.000000 
34.465446 60.000000 1.994325 2.000000 
34.507389 60.000000 1.994326 2.000000 
34.545441 60.000000 1.994328 2.000000 
34.579624 60.000000 1.994329 2.000000 
34.621323 60.000000 1.994330 2.000000 
34.659157 60.000000 1.994331 2.000000 
34.696918 60.000000 1.994332 2.000000 
34.734608 60.000000 1.994334 2.000000 
34.772224 60.000000 1.994335 2.000000 
34.809769 60.000000 1.994336 2.000000 
34.847244 60.000000 1.994337 2.000000 
34.884647 60.000000 1.994339 2.000000 
34.921978 60.000000 1.994340 2.000000 
34.959236 60.000000 1.994341 2.000000 
34.996426 60.000000 1.994342 2.000000 
35.033543 60.000000 1.994343 2.000000 
35.066887 60.000000 1.994344 2.000000 
35.107563 60.000000 1.994346 2.000000 
35.144466 60.000000 1.994347 2.000000 
35.181301 60.000000 1.994348 2.000000 
35.218067 60.000000 1.994349 2.000000 
35.254761 60.000000 1.994351 2.000000 
35.291382 60.000000 1.994352 2.000000 
35.327938 60.000000 1.994353 2.000000 
35.364422 60.000000 1.994354 2.000000 
35.400837 60.000000 1.994356 2.000000 
35.437180 60.000000 1.994357 2.000000 
35.473457 60.000000 1.994358 2.000000 
35.509663 60.000000 1.994359 2.000000 
35.545799 60.000000 1.994360 2.000000 
35.581867 60.000000 1.994362 2.000000 
35.617867 60.000000 1.994363 2.000000 
35.653797 60.000000 1.994364 2.000000 
35.689659 60.000000 1.994365 2.000000 
35.725452 60.000000 1.994366 2.000000 
35.761177 60.000000 1.994368 2.000000 
35.796833 60.000000 1.994369 2.000000 
35.828865 60.000000 1.994370 2.000000 
35.867939 60.000000 1.994371 2.000000 
35.899853 60.000000 1.994372 2.000000 
35.938778 60.000000 1.994374 2.000000 
35.974094 60.000000 1.994375 2.000000 
36.009346 60.000000 1.994376 2.000000 
36.044529 60.000000 1.994377 2.000000 
36.079643 60.000000 1.994379 2.000000 
36.114693 60.000000 1.994380 2.000000 
36.149673 60.000000 1.994381 2.000000 
36.184589 60.000000 1.994382 2.000000 
36.219437 60.000000 1.994383 2.000000 
36.254215 60.000000 1.994385 2.000000 
36.288933 60.000000 1.994386 2.000000 
36.323582 60.000000 1.994387 2.000000 
36.358162 60.000000 1.994388 2.000000 
36.392677 60.000000 1.994389 2.000000 
36.427128 60.000000 1.994391 2.000000 
36.461514 60.000000 1.994392 2.000000 
36.495834 60.000000 1.994393 2.000000 
36.530087 60.000000 1.994394 2.000000 
36.564274 60.000000 1.994395 2.000000 
36.598396 60.000000 1.994397 2.000000 
36.632454 60.000000 1.994398 2.000000 
36.666447 60.000000 1.994399 2.000000 
36.700375 60.000000 1.994400 2.000000 
36.734238 60.000000 1.994401 2.000000 
36.768036 60.000000 1.994403 2.000000 
36.801769 60.000000 1.994404 2.000000 
36.835438 60.000000 1.994405 2.000000 
36.869045 60.000000 1.994406 2.000000 
36.902584 60.000000 1.994407 2.000000 
36.936062 60.000000 1.994409 2.000000 
36.969475 60.000000 1.994410 2.000000 
37.002823 60.000000 1.994411 2.000000 
37.036106 60.000000 1.994412 2.000000 
37.069328 60.000000 1.994413 2.000000 
37.102486 60.000000 1.994415 2.000000 
37.135582 60.000000 1.994416 2.000000 
37.168613 60.000000 1.994417 2.000000 
37.201584 60.000000 1.994418 2.000000 
37.234489 60.000000 1.994419 2.000000 
37.267330 60.000000 1.994421 2.000000 
37.300110 60.000000 1.994422 2.000000 
37.332829 60.000000 1.994423 2.000000 
37.365482 60.000000 1.994424 2.000000 
37.398075 60.000000 1.994425 2.000000 
37.430607 60.000000 1.994427 2.000000 
37.463074 60.000000 1.994428 2.000000 
37.495480 60.000000 1.994429 2.000000 
37.527824 60.000000 1.994430 2.000000 
37.560108 60.000000 1.994431 2.000000 
37.592327 60.000000 1.994433 2.000000 
37.624489 60.000000 1.994434 2.000000 
37.656586 60.000000 1.994435 2.000000 
37.688622 60.000000 1.994436 2.000000 
37.720596 60.000000 1.994437 2.000000 
37.752510 60.000000 1.994439 2.000000 
37.784363 60.000000 1.994440 2.000000 
37.816158 60.000000 1.994441 2.000000 
37.847889 60.000000 1.994442 2.000000 
37.879559 60.000000 1.994443 2.000000 
37.911171 60.000000 1.994444 2.000000 
37.942722 60.000000 1.994446 2.000000 
37.974213 60.000000 1.994447 2.000000 
38.005642 60.000000 1.994448 2.000000 
38.037010 60.000000 1.994449 2.000000 
38.068321 60.000000 1.994450 2.000000 
38.099571 60.000000 1.994452 2.000000 
38.130760 60.000000 1.994453 2.000000 
38.161892 60.000000 1.994454 2.000000 
38.192963 60.000000 1.994455 2.000000 
38.223976 60.000000 1.994456 2.000000 
38.254929 60.000000 1.994458 2.000000 
38.285824 60.000000 1.994459 2.000000 
38.316658 60.000000 1.994460 2.000000 
38.347435 60.000000 1.994461 2.000000 
38.378151 60.000000 1.994462 2.000000 
38.408810 60.000000 1.994464 2.000000 
38.439411 60.000000 1.994465 2.000000 
38.469952 60.000000 1.994466 2.000000 
38.500435 60.000000 1.994467 2.000000 
38.530861 60.000000 1.994468 2.000000 
38.561226 60.000000 1.994470 2.000000 
38.591537 60.000000 1.994471 2.000000 
38.621788 60.000000 1.994472 2.000000 
38.651981 60.000000 1.994473 2.000000 
38.682117 60.000000 1.994474 2.000000 
38.712193 60.000000 1.994475 2.000000 
38.742214 60.000000 1.994477 2.000000 
38.772179 60.000000 1.994478 2.000000 
38.802086 60.000000 1.994479 2.000000 
38.831932 60.000000 1.994480 2.000000 
38.861725 60.000000 1.994481 2.000000 
38.891460 60.000000 1.994483 2.000000 
38.921139 60.000000 1.994484 2.000000 
38.950760 60.000000 1.994485 2.000000 
38.980324 60.000000 1.994486 2.000000 
39.009834 60.000000 1.994487 2.000000 
39.039284 60.000000 1.994488 2.000000 
39.068680 60.000000 1.994490 2.000000 
39.098022 60.000000 1.994491 2.000000 
39.127304 60.000000 1.994492 2.000000 
39.156532 60.000000 1.994493 2.000000 
39.185703 60.000000 1.994494 2.000000 
39.214821 60.000000 1.994496 2.000000 
39.243881 60.000000 1.994497 2.000000 
39.272888 60.000000 1.994498 2.000000 
39.301838 60.000000 1.994499 2.000000 
39.330730 60.000000 1.994500 2.000000 
39.359570 60.000000 1.994501 2.000000 
39.388355 60.000000 1.994503 2.000000 
39.417084 60.000000 1.994504 2.000000 
39.445759 60.000000 1.994505 2.000000 
39.474380 60.000000 1.994506 2.000000 
39.502945 60.000000 1.994507 2.000000 
39.531456 60.000000 1.994509 2.000000 
39.559910 60.000000 1.994510 2.000000 
39.588314 60.000000 1.994511 2.000000 
39.616661 60.000000 1.994512 2.000000 
39.644955 60.000000 1.994513 2.000000 
39.673191 60.000000 1.994514 2.000000 
39.701378 60.000000 1.994516 2.000000 
39.729511 60.000000 1.994517 2.000000 
39.757587 60.000000 1.994518 2.000000 
39.785610 60.000000 1.994519 2.000000 
39.813583 60.000000 1.994520 2.000000 
39.841499 60.000000 1.994521 2.000000 
39.869366 60.000000 1.994523 2.000000 
39.899952 60.000000 1.994524 2.000000 
39.927704 60.000000 1.994525 2.000000 
39.955406 60.000000 1.994526 2.000000 
39.983051 60.000000 1.994528 2.000000 
40.010643 60.000000 1.994529 2.000000 
40.038185 60.000000 1.994530 2.000000 
40.065674 60.000000 1.994531 2.000000 
40.093109 60.000000 1.994532 2.000000 
40.120495 60.000000 1.994533 2.000000 
40.147823 60.000000 1.994535 2.000000 
40.175102 60.000000 1.994536 2.000000 
40.202332 60.000000 1.994537 2.000000 
40.226791 60.000000 1.994538 2.000000 
40.253918 60.000000 1.994539 2.000000 
40.283699 60.000000 1.994540 2.000000 
40.310719 60.000000 1.994542 2.000000 
40.337688 60.000000 1.994543 2.000000 
40.364605 60.000000 1.994544 2.000000 
40.388786 60.000000 1.994545 2.000000 
40.418282 60.000000 1.994546 2.000000 
40.445045 60.000000 1.994547 2.000000 
40.471756 60.000000 1.994549 2.000000 
40.498417 60.000000 1.994550 2.000000 
40.525028 60.000000 1.994551 2.000000 
40.551586 60.000000 1.994552 2.000000 
40.578094 60.000000 1.994553 2.000000 
40.604549 60.000000 1.994555 2.000000 
40.630959 60.000000 1.994556 2.000000 
40.657314 60.000000 1.994557 2.000000 
40.683620 60.000000 1.994558 2.000000 
40.709877 60.000000 1.994559 2.000000 
40.736080 60.000000 1.994560 2.000000 
40.762238 60.000000 1.994561 2.000000 
40.788342 60.000000 1.994563 2.000000 
40.814400 60.000000 1.994564 2.000000 
40.840405 60.000000 1.994565 2.000000 
40.866360 60.000000 1.994566 2.000000 
40.892269 60.000000 1.994567 2.000000 
40.918125 60.000000 1.994568 2.000000 
40.943935 60.000000 1.994570 2.000000 
40.969692 60.000000 1.994571 2.000000 
40.995403 60.000000 1.994572 2.000000 
41.021061 60.000000 1.994573 2.000000 
41.044113 60.000000 1.994574 2.000000 
41.072235 60.000000 1.994576 2.000000 
41.097752 60.000000 1.994577 2.000000 
41.123215 60.000000 1.994578 2.000000 
41.148632 60.000000 1.994579 2.000000 
41.174000 60.000000 1.994580 2.000000 
41.199318 60.000000 1.994581 2.000000 
41.224590 60.000000 1.994583 2.000000 
41.249813 60.000000 1.994584 2.000000 
41.274986 60.000000 1.994585 2.000000 
41.300114 60.000000 1.994586 2.000000 
41.325191 60.000000 1.994587 2.000000 
41.350224 60.000000 1.994588 2.000000 
41.375206 60.000000 1.994589 2.000000 
41.400143 60.000000 1.994591 2.000000 
41.425030 60.000000 1.994592 2.000000 
41.449867 60.000000 1.994593 2.000000 
41.474663 60.000000 1.994594 2.000000 
41.499409 60.000000 1.994595 2.000000 
41.524105 60.000000 1.994596 2.000000 
41.548756 60.000000 1.994598 2.000000 
41.573360 60.000000 1.994599 2.000000 
41.597916 60.000000 1.994600 2.000000 
41.622425 60.000000 1.994601 2.000000 
41.646889 60.000000 1.994602 2.000000 
41.671307 60.000000 1.994603 2.000000 
41.695675 60.000000 1.994605 2.000000 
41.719997 60.000000 1.994606 2.000000 
41.744274 60.000000 1.994607 2.000000 
41.768505 60.000000 1.994608 2.000000 
41.792690 60.000000 1.994609 2.000000 
41.816830 60.000000 1.994610 2.000000 
41.840919 60.000000 1.994612 2.000000 
41.864967 60.000000 1.994613 2.000000 
41.888966 60.000000 1.994614 2.000000 
41.912922 60.000000 1.994615 2.000000 
41.936829 60.000000 1.994616 2.000000 
41.960690 60.000000 1.994617 2.000000 
41.984509 60.000000 1.994618 2.000000 
42.008282 60.000000 1.994620 2.000000 
42.032005 60.000000 1.994621 2.000000 
42.055687 60.000000 1.994622 2.000000 
42.079323 60.000000 1.994623 2.000000 
42.102913 60.000000 1.994624 2.000000 
42.126461 60.000000 1.994625 2.000000 
42.149960 60.000000 1.994627 2.000000 
42.173416 60.000000 1.994628 2.000000 
42.196827 60.000000 1.994629 2.000000 
42.220192 60.000000 1.994630 2.000000 
42.243515 60.000000 1.994631 2.000000 
42.266792 60.000000 1.994632 2.000000 
42.290024 60.000000 1.994633 2.000000 
42.313213 60.000000 1.994635 2.000000 
42.336357 60.000000 1.994636 2.000000 
42.359459 60.000000 1.994637 2.000000 
42.382511 60.000000 1.994638 2.000000 
42.405525 60.000000 1.994639 2.000000 
42.428493 60.000000 1.994640 2.000000 
42.451416 60.000000 1.994641 2.000000 
42.474297 60.000000 1.994643 2.000000 
42.497131 60.000000 1.994644 2.000000 
42.519924 60.000000 1.994645 2.000000 
42.542675 60.000000 1.994646 2.000000 
42.565380 60.000000 1.994647 2.000000 
42.588043 60.000000 1.994648 2.000000 
42.610664 60.000000 1.994650 2.000000 
42.633240 60.000000 1.994651 2.000000 
42.655773 60.000000 1.994652 2.000000 
42.678261 60.000000 1.994653 2.000000 
42.700710 60.000000 1.994654 2.000000 
42.723114 60.000000 1.994655 2.000000 
42.745476 60.000000 1.994656 2.000000 
42.767792 60.000000 1.994658 2.000000 
42.790070 60.000000 1.994659 2.000000 
42.812302 60.000000 1.994660 2.000000 
42.834492 60.000000 1.994661 2.000000 
42.856644 60.000000 1.994662 2.000000 
42.878750 60.000000 1.994663 2.000000 
42.900814 60.000000 1.994664 2.000000 
42.922836 60.000000 1.994666 2.000000 
42.944813 60.000000 1.994667 2.000000 
42.966751 60.000000 1.994668 2.000000 
42.988647 60.000000 1.994669 2.000000 
43.010502 60.000000 1.994670 2.000000 
43.032314 60.000000 1.994671 2.000000 
43.054085 60.000000 1.994672 2.000000 
43.075817 60.000000 1.994674 2.000000 
43.097504 60.000000 1.994675 2.000000 
43.119152 60.000000 1.994676 2.000000 
43.140755 60.000000 1.994677 2.000000 
43.162319 60.000000 1.994678 2.000000 
43.183842 60.000000 1.994679 2.000000 
43.205322 60.000000 1.994681 2.000000 
43.226765 60.000000 1.994682 2.000000 
43.248165 60.000000 1.994683 2.000000 
43.269524 60.000000 1.994684 2.000000 
43.290840 60.000000 1.994685 2.000000 
43.312119 60.000000 1.994686 2.000000 
43.333355 60.000000 1.994687 2.000000 
43.354549 60.000000 1.994689 2.000000 
43.375706 60.000000 1.994690 2.000000 
43.396820 60.000000 1.994691 2.000000 
43.417896 60.000000 1.994692 2.000000 
43.438931 60.000000 1.994693 2.000000 
43.459927 60.000000 1.994694 2.000000 
43.480881 60.000000 1.994695 2.000000 
43.501797 60.000000 1.994696 2.000000 
43.522671 60.000000 1.994698 2.000000 
43.543503 60.000000 1.994699 2.000000 
43.564301 60.000000 1.994700 2.000000 
43.585052 60.000000 1.994701 2.000000 
43.605770 60.000000 1.994702 2.000000 
43.626446 60.000000 1.994703 2.000000 
43.647083 60.000000 1.994704 2.000000 
43.667679 60.000000 1.994706 2.000000 
43.688236 60.000000 1.994707 2.000000 
43.708755 60.000000 1.994708 2.000000 
43.729237 60.000000 1.994709 2.000000 
43.749676 60.000000 1.994710 2.000000 
43.770077 60.000000 1.994711 2.000000 
43.790440 60.000000 1.994712 2.000000 
43.810760 60.000000 1.994714 2.000000 
43.831047 60.000000 1.994715 2.000000 
43.851292 60.000000 1.994716 2.000000 
43.871498 60.000000 1.994717 2.000000 
43.891666 60.000000 1.994718 2.000000 
43.911797 60.000000 1.994719 2.000000 
43.931889 60.000000 1.994720 2.000000 
43.951942 60.000000 1.994721 2.000000 
43.971958 60.000000 1.994723 2.000000 
43.991936 60.000000 1.994724 2.000000 
44.011875 60.000000 1.994725 2.000000 
44.031773 60.000000 1.994726 2.000000 
44.051636 60.000000 1.994727 2.000000 
44.071461 60.000000 1.994728 2.000000 
44.091248 60.000000 1.994729 2.000000 
44.110996 60.000000 1.994730 2.000000 
44.130707 60.000000 1.994732 2.000000 
44.150383 60.000000 1.994733 2.000000 
44.170017 60.000000 1.994734 2.000000 
44.189617 60.000000 1.994735 2.000000 
44.211132 60.000000 1.994736 2.000000 
44.228703 60.000000 1.994737 2.000000 
44.250134 60.000000 1.994739 2.000000 
44.267639 60.000000 1.994740 2.000000 
44.288990 60.000000 1.994741 2.000000 
44.308361 60.000000 1.994742 2.000000 
44.327694 60.000000 1.994743 2.000000 
44.346992 60.000000 1.994744 2.000000 
44.366253 60.000000 1.994745 2.000000 
44.385479 60.000000 1.994746 2.000000 
44.402748 60.000000 1.994747 2.000000 
44.423817 60.000000 1.994749 2.000000 
44.442928 60.000000 1.994750 2.000000 
44.462006 60.000000 1.994751 2.000000 
44.479145 60.000000 1.994752 2.000000 
44.500053 60.000000 1.994753 2.000000 
44.519020 60.000000 1.994754 2.000000 
44.537952 60.000000 1.994755 2.000000 
44.556850 60.000000 1.994757 2.000000 
44.575710 60.000000 1.994758 2.000000 
44.594536 60.000000 1.994759 2.000000 
44.613323 60.000000 1.994760 2.000000 
44.632076 60.000000 1.994761 2.000000 
44.650791 60.000000 1.994762 2.000000 
44.669472 60.000000 1.994763 2.000000 
44.688118 60.000000 1.994764 2.000000 
44.706726 60.000000 1.994766 2.000000 
44.725300 60.000000 1.994767 2.000000 
44.741985 60.000000 1.994768 2.000000 
44.762341 60.000000 1.994769 2.000000 
44.780807 60.000000 1.994770 2.000000 
44.799240 60.000000 1.994771 2.000000 
44.817638 60.000000 1.994772 2.000000 
44.836002 60.000000 1.994773 2.000000 
44.852497 60.000000 1.994774 2.000000 
44.872620 60.000000 1.994776 2.000000 
44.890877 60.000000 1.994777 2.000000 
44.909100 60.000000 1.994778 2.000000 
44.925468 60.000000 1.994779 2.000000 
44.945438 60.000000 1.994780 2.000000 
44.961746 60.000000 1.994781 2.000000 
44.981640 60.000000 1.994782 2.000000 
44.999691 60.000000 1.994784 2.000000 
45.017704 60.000000 1.994785 2.000000 
45.035686 60.000000 1.994786 2.000000 
45.053631 60.000000 1.994787 2.000000 
45.071541 60.000000 1.994788 2.000000 
45.089420 60.000000 1.994789 2.000000 
45.107262 60.000000 1.994790 2.000000 
45.125072 60.000000 1.994791 2.000000 
45.142849 60.000000 1.994792 2.000000 
45.160587 60.000000 1.994794 2.000000 
45.176525 60.000000 1.994795 2.000000 
45.195969 60.000000 1.994796 2.000000 
45.213608 60.000000 1.994797 2.000000 
45.231216 60.000000 1.994798 2.000000 
45.247032 60.000000 1.994799 2.000000 
45.266327 60.000000 1.994800 2.000000 
45.283833 60.000000 1.994801 2.000000 
45.301304 60.000000 1.994803 2.000000 
45.318741 60.000000 1.994804 2.000000 
45.336147 60.000000 1.994805 2.000000 
45.353519 60.000000 1.994806 2.000000 
45.370861 60.000000 1.994807 2.000000 
45.388165 60.000000 1.994808 2.000000 
45.405437 60.000000 1.994809 2.000000 
45.422676 60.000000 1.994810 2.000000 
45.439884 60.000000 1.994811 2.000000 
45.457058 60.000000 1.994813 2.000000 
45.474201 60.000000 1.994814 2.000000 
45.491310 60.000000 1.994815 2.000000 
45.508385 60.000000 1.994816 2.000000 
45.525429 60.000000 1.994817 2.000000 
45.542439 60.000000 1.994818 2.000000 
45.559418 60.000000 1.994819 2.000000 
45.576363 60.000000 1.994820 2.000000 
45.593277 60.000000 1.994821 2.000000 
45.610157 60.000000 1.994823 2.000000 
45.627007 60.000000 1.994824 2.000000 
45.643826 60.000000 1.994825 2.000000 
45.660610 60.000000 1.994826 2.000000 
45.677361 60.000000 1.994827 2.000000 
45.694080 60.000000 1.994828 2.000000 
45.710770 60.000000 1.994829 2.000000 
45.727428 60.000000 1.994830 2.000000 
45.744053 60.000000 1.994831 2.000000 
45.760647 60.000000 1.994833 2.000000 
45.777206 60.000000 1.994834 2.000000 
45.793739 60.000000 1.994835 2.000000 
45.810238 60.000000 1.994836 2.000000 
45.826702 60.000000 1.994837 2.000000 
45.843140 60.000000 1.994838 2.000000 
45.859543 60.000000 1.994839 2.000000 
45.875916 60.000000 1.994840 2.000000 
45.892258 60.000000 1.994841 2.000000 
45.908569 60.000000 1.994843 2.000000 
45.924847 60.000000 1.994844 2.000000 
45.941097 60.000000 1.994845 2.000000 
45.957314 60.000000 1.994846 2.000000 
45.973499 60.000000 1.994847 2.000000 
45.989655 60.000000 1.994848 2.000000 
46.005779 60.000000 1.994849 2.000000 
46.021873 60.000000 1.994850 2.000000 
46.037937 60.000000 1.994851 2.000000 
46.053970 60.000000 1.994853 2.000000 
46.069969 60.000000 1.994854 2.000000 
46.085941 60.000000 1.994855 2.000000 
46.101883 60.000000 1.994856 2.000000 
46.117794 60.000000 1.994857 2.000000 
46.133671 60.000000 1.994858 2.000000 
46.149521 60.000000 1.994859 2.000000 
46.165340 60.000000 1.994860 2.000000 
46.181129 60.000000 1.994861 2.000000 
46.196888 60.000000 1.994862 2.000000 
46.212620 60.000000 1.994864 2.000000 
46.228317 60.000000 1.994865 2.000000 
46.243984 60.000000 1.994866 2.000000 
46.259624 60.000000 1.994867 2.000000 
46.275234 60.000000 1.994868 2.000000 
46.290813 60.000000 1.994869 2.000000 
46.306362 60.000000 1.994870 2.000000 
46.321884 60.000000 1.994871 2.000000 
46.337372 60.000000 1.994872 2.000000 
46.352833 60.000000 1.994874 2.000000 
46.368263 60.000000 1.994875 2.000000 
46.383667 60.000000 1.994876 2.000000 
46.399040 60.000000 1.994877 2.000000 
46.414383 60.000000 1.994878 2.000000 
46.429695 60.000000 1.994879 2.000000 
46.444981 60.000000 1.994880 2.000000 
46.460236 60.000000 1.994881 2.000000 
46.475460 60.000000 1.994882 2.000000 
46.490658 60.000000 1.994883 2.000000 
46.505825 60.000000 1.994884 2.000000 
46.520966 60.000000 1.994886 2.000000 
46.536076 60.000000 1.994887 2.000000 
46.551155 60.000000 1.994888 2.000000 
46.566208 60.000000 1.994889 2.000000 
46.581234 60.000000 1.994890 2.000000 
46.596230 60.000000 1.994891 2.000000 
46.611195 60.000000 1.994892 2.000000 
46.626133 60.000000 1.994893 2.000000 
46.641041 60.000000 1.994894 2.000000 
46.655922 60.000000 1.994895 2.000000 
46.670776 60.000000 1.994897 2.000000 
46.685600 60.000000 1.994898 2.000000 
46.700394 60.000000 1.994899 2.000000 
46.715164 60.000000 1.994900 2.000000 
46.729904 60.000000 1.994901 2.000000 
46.744614 60.000000 1.994902 2.000000 
46.759296 60.000000 1.994903 2.000000 
46.773952 60.000000 1.994904 2.000000 
46.788578 60.000000 1.994905 2.000000 
46.803177 60.000000 1.994906 2.000000 
46.817749 60.000000 1.994907 2.000000 
46.832294 60.000000 1.994909 2.000000 
46.846809 60.000000 1.994910 2.000000 
46.861298 60.000000 1.994911 2.000000 
46.875759 60.000000 1.994912 2.000000 
46.890190 60.000000 1.994913 2.000000 
46.904594 60.000000 1.994914 2.000000 
46.918976 60.000000 1.994915 2.000000 
46.933323 60.000000 1.994916 2.000000 
46.947647 60.000000 1.994917 2.000000 
46.961945 60.000000 1.994918 2.000000 
46.976212 60.000000 1.994920 2.000000 
46.990452 60.000000 1.994921 2.000000 
47.004665 60.000000 1.994922 2.000000 
47.018852 60.000000 1.994923 2.000000 
47.033012 60.000000 1.994924 2.000000 
47.047146 60.000000 1.994925 2.000000 
47.061253 60.000000 1.994926 2.000000 
47.075329 60.000000 1.994927 2.000000 
47.089382 60.000000 1.994928 2.000000 
47.103405 60.000000 1.994929 2.000000 
47.117405 60.000000 1.994930 2.000000 
47.131378 60.000000 1.994931 2.000000 
47.145321 60.000000 1.994933 2.000000 
47.159241 60.000000 1.994934 2.000000 
47.173130 60.000000 1.994935 2.000000 
47.186996 60.000000 1.994936 2.000000 
47.200836 60.000000 1.994937 2.000000 
47.214649 60.000000 1.994938 2.000000 
47.228432 60.000000 1.994939 2.000000 
47.242191 60.000000 1.994940 2.000000 
47.255928 60.000000 1.994941 2.000000 
47.269634 60.000000 1.994942 2.000000 
47.283314 60.000000 1.994943 2.000000 
47.296970 60.000000 1.994945 2.000000 
47.310596 60.000000 1.994946 2.000000 
47.324200 60.000000 1.994947 2.000000 
47.337776 60.000000 1.994948 2.000000 
47.351330 60.000000 1.994949 2.000000 
47.364853 60.000000 1.994950 2.000000 
47.378353 60.000000 1.994951 2.000000 
47.391827 60.000000 1.994952 2.000000 
47.405273 60.000000 1.994953 2.000000 
47.418697 60.000000 1.994954 2.000000 
47.432091 60.000000 1.994955 2.000000 
47.445461 60.000000 1.994956 2.000000 
47.458809 60.000000 1.994958 2.000000 
47.472130 60.000000 1.994959 2.000000 
47.485424 60.000000 1.994960 2.000000 
47.498692 60.000000 1.994961 2.000000 
47.511936 60.000000 1.994962 2.000000 
47.525154 60.000000 1.994963 2.000000 
47.538345 60.000000 1.994964 2.000000 
47.551514 60.000000 1.994965 2.000000 
47.564659 60.000000 1.994966 2.000000 
47.577774 60.000000 1.994967 2.000000 
47.590866 60.000000 1.994968 2.000000 
47.603935 60.000000 1.994969 2.000000 
47.616978 60.000000 1.994971 2.000000 
47.629997 60.000000 1.994972 2.000000 
47.642990 60.000000 1.994973 2.000000 
47.655956 60.000000 1.994974 2.000000 
47.668900 60.000000 1.994975 2.000000 
47.681820 60.000000 1.994976 2.000000 
47.694714 60.000000 1.994977 2.000000 
47.707584 60.000000 1.994978 2.000000 
47.720428 60.000000 1.994979 2.000000 
47.733250 60.000000 1.994980 2.000000 
47.746044 60.000000 1.994981 2.000000 
47.758816 60.000000 1.994982 2.000000 
47.771564 60.000000 1.994983 2.000000 
47.784286 60.000000 1.994985 2.000000 
47.796986 60.000000 1.994986 2.000000 
47.809658 60.000000 1.994987 2.000000 
47.822308 60.000000 1.994988 2.000000 
47.834934 60.000000 1.994989 2.000000 
47.847538 60.000000 1.994990 2.000000 
47.860115 60.000000 1.994991 2.000000 
47.872669 60.000000 1.994992 2.000000 
47.885197 60.000000 1.994993 2.000000 
47.897705 60.000000 1.994994 2.000000 
47.910187 60.000000 1.994995 2.000000 
47.922646 60.000000 1.994996 2.000000 
47.935078 60.000000 1.994998 2.000000 
47.947491 60.000000 1.994999 2.000000 
47.959877 60.000000 1.995000 2.000000 
47.972240 60.000000 1.995001 2.000000 
47.985813 60.000000 1.995002 2.000000 
47.996895 60.000000 1.995003 2.000000 
48.010418 60.000000 1.995004 2.000000 
48.022682 60.000000 1.995005 2.000000 
48.034927 60.000000 1.995006 2.000000 
48.047146 60.000000 1.995007 2.000000 
48.059341 60.000000 1.995008 2.000000 
48.071518 60.000000 1.995009 2.000000 
48.082455 60.000000 1.995010 2.000000 
48.094582 60.000000 1.995011 2.000000 
48.106689 60.000000 1.995013 2.000000 
48.118771 60.000000 1.995014 2.000000 
48.132038 60.000000 1.995015 2.000000 
48.144070 60.000000 1.995016 2.000000 
48.153683 60.000000 1.995017 2.000000 
48.168072 60.000000 1.995018 2.000000 
48.180038 60.000000 1.995019 2.000000 
48.191978 60.000000 1.995020 2.000000 
48.203899 60.000000 1.995021 2.000000 
48.215797 60.000000 1.995022 2.000000 
48.227673 60.000000 1.995023 2.000000 
48.239525 60.000000 1.995024 2.000000 
48.251354 60.000000 1.995025 2.000000 
48.263161 60.000000 1.995026 2.000000 
48.274944 60.000000 1.995028 2.000000 
48.286709 60.000000 1.995029 2.000000 
48.298447 60.000000 1.995030 2.000000 
48.310165 60.000000 1.995031 2.000000 
48.321857 60.000000 1.995032 2.000000 
48.333530 60.000000 1.995033 2.000000 
48.345181 60.000000 1.995034 2.000000 
48.356808 60.000000 1.995035 2.000000 
48.367256 60.000000 1.995036 2.000000 
48.379997 60.000000 1.995037 2.000000 
48.389248 60.000000 1.995038 2.000000 
48.403099 60.000000 1.995039 2.000000 
48.414616 60.000000 1.995040 2.000000 
48.426113 60.000000 1.995041 2.000000 
48.437584 60.000000 1.995042 2.000000 
48.449036 60.000000 1.995044 2.000000 
48.460464 60.000000 1.995045 2.000000 
48.471874 60.000000 1.995046 2.000000 
48.483261 60.000000 1.995047 2.000000 
48.494625 60.000000 1.995048 2.000000 
48.505966 60.000000 1.995049 2.000000 
48.517288 60.000000 1.995050 2.000000 
48.528587 60.000000 1.995051 2.000000 
48.540993 60.000000 1.995052 2.000000 
48.551121 60.000000 1.995053 2.000000 
48.562355 60.000000 1.995054 2.000000 
48.574688 60.000000 1.995055 2.000000 
48.585880 60.000000 1.995056 2.000000 
48.597046 60.000000 1.995057 2.000000 
48.608196 60.000000 1.995058 2.000000 
48.618210 60.000000 1.995060 2.000000 
48.630424 60.000000 1.995061 2.000000 
48.641510 60.000000 1.995062 2.000000 
48.652569 60.000000 1.995063 2.000000 
48.663612 60.000000 1.995064 2.000000 
48.673531 60.000000 1.995065 2.000000 
48.685631 60.000000 1.995066 2.000000 
48.696609 60.000000 1.995067 2.000000 
48.706470 60.000000 1.995068 2.000000 
48.718502 60.000000 1.995069 2.000000 
48.729416 60.000000 1.995070 2.000000 
48.740311 60.000000 1.995071 2.000000 
48.750099 60.000000 1.995072 2.000000 
48.762039 60.000000 1.995073 2.000000 
48.772869 60.000000 1.995074 2.000000 
48.783684 60.000000 1.995075 2.000000 
48.794472 60.000000 1.995077 2.000000 
48.804169 60.000000 1.995078 2.000000 
48.814919 60.000000 1.995079 2.000000 
48.858097 60.000000 1.995080 2.000000 
48.898525 60.000000 1.995081 2.000000 
48.938778 60.000000 1.995082 2.000000 
48.978855 60.000000 1.995083 2.000000 
49.018757 60.000000 1.995084 2.000000 
49.058483 60.000000 1.995085 2.000000 
49.098038 60.000000 1.995086 2.000000 
49.137417 60.000000 1.995087 2.000000 
49.176628 60.000000 1.995088 2.000000 
49.215664 60.000000 1.995089 2.000000 
49.254532 60.000000 1.995090 2.000000 
49.293232 60.000000 1.995091 2.000000 
49.331760 60.000000 1.995092 2.000000 
49.370121 60.000000 1.995093 2.000000 
49.408314 60.000000 1.995095 2.000000 
49.446339 60.000000 1.995095 2.000000 
49.484200 60.000000 1.995097 2.000000 
49.521893 60.000000 1.995098 2.000000 
49.559422 60.000000 1.995099 2.000000 
49.596790 60.000000 1.995100 2.000000 
49.633991 60.000000 1.995101 2.000000 
49.671032 60.000000 1.995102 2.000000 
49.707912 60.000000 1.995103 2.000000 
49.744629 60.000000 1.995104 2.000000 
49.781185 60.000000 1.995105 2.000000 
49.817585 60.000000 1.995106 2.000000 
49.853821 60.000000 1.995107 2.000000 
49.889904 60.000000 1.995108 2.000000 
49.925827 60.000000 1.995109 2.000000 
49.961594 60.000000 1.995110 2.000000 
49.997200 60.000000 1.995111 2.000000 
50.032658 60.000000 1.995112 2.000000 
50.067955 60.000000 1.995113 2.000000 
50.103100 60.000000 1.995114 2.000000 
50.138092 60.000000 1.995116 2.000000 
50.172932 60.000000 1.995117 2.000000 
50.207619 60.000000 1.995118 2.000000 
50.242153 60.000000 1.995119 2.000000 
50.276539 60.000000 1.995120 2.000000 
50.310776 60.000000 1.995121 2.000000 
50.344860 60.000000 1.995122 2.000000 
50.378796 60.000000 1.995123 2.000000 
50.412582 60.000000 1.995124 2.000000 
50.446224 60.000000 1.995125 2.000000 
50.479717 60.000000 1.995126 2.000000 
50.513065 60.000000 1.995127 2.000000 
50.546268 60.000000 1.995128 2.000000 
50.579327 60.000000 1.995129 2.000000 
50.612240 60.000000 1.995130 2.000000 
50.645008 60.000000 1.995131 2.000000 
50.677631 60.000000 1.995132 2.000000 
50.710117 60.000000 1.995133 2.000000 
50.742458 60.000000 1.995134 2.000000 
50.774658 60.000000 1.995135 2.000000 
50.806717 60.000000 1.995136 2.000000 
50.838638 60.000000 1.995137 2.000000 
50.870419 60.000000 1.995139 2.000000 
50.902061 60.000000 1.995140 2.000000 
50.933563 60.000000 1.995141 2.000000 
50.964931 60.000000 1.995142 2.000000 
50.996159 60.000000 1.995143 2.000000 
51.027252 60.000000 1.995144 2.000000 
51.058208 60.000000 1.995145 2.000000 
51.089031 60.000000 1.995146 2.000000 
51.119720 60.000000 1.995147 2.000000 
51.150272 60.000000 1.995148 2.000000 
51.180695 60.000000 1.995149 2.000000 
51.210979 60.000000 1.995150 2.000000 
51.241135 60.000000 1.995151 2.000000 
51.271160 60.000000 1.995152 2.000000 
51.301052 60.000000 1.995153 2.000000 
51.330814 60.000000 1.995154 2.000000 
51.360447 60.000000 1.995155 2.000000 
51.389950 60.000000 1.995156 2.000000 
51.419323 60.000000 1.995157 2.000000 
51.448570 60.000000 1.995158 2.000000 
51.477688 60.000000 1.995159 2.000000 
51.506680 60.000000 1.995160 2.000000 
51.535542 60.000000 1.995161 2.000000 
51.564281 60.000000 1.995162 2.000000 
51.592896 60.000000 1.995164 2.000000 
51.621384 60.000000 1.995165 2.000000 
51.649746 60.000000 1.995166 2.000000 
51.677986 60.000000 1.995167 2.000000 
51.706104 60.000000 1.995168 2.000000 
51.734097 60.000000 1.995169 2.000000 
51.761971 60.000000 1.995170 2.000000 
51.789719 60.000000 1.995171 2.000000 
51.817348 60.000000 1.995172 2.000000 
51.844856 60.000000 1.995173 2.000000 
51.872246 60.000000 1.995174 2.000000 
51.899517 60.000000 1.995175 2.000000 
51.926666 60.000000 1.995176 2.000000 
51.953697 60.000000 1.995177 2.000000 
51.980610 60.000000 1.995178 2.000000 
52.007408 60.000000 1.995179 2.000000 
52.034084 60.000000 1.995180 2.000000 
52.060650 60.000000 1.995181 2.000000 
52.087097 60.000000 1.995182 2.000000 
52.113426 60.000000 1.995183 2.000000 
52.139645 60.000000 1.995184 2.000000 
52.165745 60.000000 1.995185 2.000000 
52.191734 60.000000 1.995186 2.000000 
52.217609 60.000000 1.995187 2.000000 
52.243370 60.000000 1.995188 2.000000 
52.269020 60.000000 1.995189 2.000000 
52.294559 60.000000 1.995190 2.000000 
52.319984 60.000000 1.995191 2.000000 
52.345299 60.000000 1.995193 2.000000 
52.370506 60.000000 1.995193 2.000000 
52.395599 60.000000 1.995195 2.000000 
52.420586 60.000000 1.995196 2.000000 
52.445461 60.000000 1.995197 2.000000 
52.470230 60.000000 1.995198 2.000000 
52.494888 60.000000 1.995199 2.000000 
52.519440 60.000000 1.995200 2.000000 
52.543888 60.000000 1.995201 2.000000 
52.568226 60.000000 1.995202 2.000000 
52.592457 60.000000 1.995203 2.000000 
52.616585 60.000000 1.995204 2.000000 
52.640606 60.000000 1.995205 2.000000 
52.664520 60.000000 1.995206 2.000000 
52.688335 60.000000 1.995207 2.000000 
52.712044 60.000000 1.995208 2.000000 
52.735645 60.000000 1.995209 2.000000 
52.759148 60.000000 1.995210 2.000000 
52.782547 60.000000 1.995211 2.000000 
52.805847 60.000000 1.995212 2.000000 
52.829041 60.000000 1.995213 2.000000 
52.852135 60.000000 1.995214 2.000000 
52.875130 60.000000 1.995215 2.000000 
52.898026 60.000000 1.995216 2.000000 
52.920818 60.000000 1.995217 2.000000 
52.943512 60.000000 1.995218 2.000000 
52.966110 60.000000 1.995219 2.000000 
52.988605 60.000000 1.995220 2.000000 
53.011005 60.000000 1.995221 2.000000 
53.033306 60.000000 1.995222 2.000000 
53.055508 60.000000 1.995223 2.000000 
53.077618 60.000000 1.995224 2.000000 
53.099625 60.000000 1.995225 2.000000 
53.117165 60.000000 1.995226 2.000000 
53.143364 60.000000 1.995228 2.000000 
53.165089 60.000000 1.995229 2.000000 
53.186718 60.000000 1.995230 2.000000 
53.208252 60.000000 1.995231 2.000000 
53.229694 60.000000 1.995232 2.000000 
53.251041 60.000000 1.995233 2.000000 
53.272293 60.000000 1.995234 2.000000 
53.293457 60.000000 1.995235 2.000000 
53.314526 60.000000 1.995236 2.000000 
53.335503 60.000000 1.995237 2.000000 
53.356388 60.000000 1.995238 2.000000 
53.377182 60.000000 1.995239 2.000000 
53.397888 60.000000 1.995240 2.000000 
53.418499 60.000000 1.995241 2.000000 
53.439026 60.000000 1.995242 2.000000 
53.459457 60.000000 1.995243 2.000000 
53.479805 60.000000 1.995244 2.000000 
53.500061 60.000000 1.995245 2.000000 
53.520229 60.000000 1.995246 2.000000 
53.540310 60.000000 1.995247 2.000000 
53.560303 60.000000 1.995248 2.000000 
53.580208 60.000000 1.995249 2.000000 
53.600025 60.000000 1.995250 2.000000 
53.619759 60.000000 1.995251 2.000000 
53.639404 60.000000 1.995252 2.000000 
53.658966 60.000000 1.995253 2.000000 
53.678440 60.000000 1.995254 2.000000 
53.697830 60.000000 1.995255 2.000000 
53.717136 60.000000 1.995256 2.000000 
53.736359 60.000000 1.995257 2.000000 
53.755497 60.000000 1.995258 2.000000 
53.774551 60.000000 1.995259 2.000000 
53.793522 60.000000 1.995260 2.000000 
53.812412 60.000000 1.995261 2.000000 
53.831219 60.000000 1.995262 2.000000 
53.851810 60.000000 1.995263 2.000000 
53.870445 60.000000 1.995264 2.000000 
53.889000 60.000000 1.995265 2.000000 
53.907471 60.000000 1.995266 2.000000 
53.925861 60.000000 1.995267 2.000000 
53.944176 60.000000 1.995268 2.000000 
53.962406 60.000000 1.995269 2.000000 
53.980560 60.000000 1.995270 2.000000 
53.998634 60.000000 1.995271 2.000000 
54.016628 60.000000 1.995273 2.000000 
54.032757 60.000000 1.995273 2.000000 
54.050606 60.000000 1.995274 2.000000 
54.068378 60.000000 1.995275 2.000000 
54.086067 60.000000 1.995276 2.000000 
54.105438 60.000000 1.995278 2.000000 
54.122967 60.000000 1.995279 2.000000 
54.138680 60.000000 1.995280 2.000000 
54.156063 60.000000 1.995281 2.000000 
54.173370 60.000000 1.995282 2.000000 
54.192326 60.000000 1.995283 2.000000 
54.207764 60.000000 1.995283 2.000000 
54.226551 60.000000 1.995285 2.000000 
54.243553 60.000000 1.995286 2.000000 
54.260479 60.000000 1.995287 2.000000 
54.275650 60.000000 1.995288 2.000000 
54.292439 60.000000 1.995289 2.000000 
54.310822 60.000000 1.995290 2.000000 
54.327454 60.000000 1.995291 2.000000 
54.344017 60.000000 1.995292 2.000000 
54.360508 60.000000 1.995293 2.000000 
54.376923 60.000000 1.995294 2.000000 
54.393272 60.000000 1.995295 2.000000 
54.409546 60.000000 1.995296 2.000000 
54.425751 60.000000 1.995297 2.000000 
54.441883 60.000000 1.995298 2.000000 
54.454742 60.000000 1.995299 2.000000 
54.473946 60.000000 1.995300 2.000000 
54.488281 60.000000 1.995301 2.000000 
54.504147 60.000000 1.995302 2.000000 
54.521511 60.000000 1.995303 2.000000 
54.537228 60.000000 1.995304 2.000000 
54.552876 60.000000 1.995305 2.000000 
54.566902 60.000000 1.995306 2.000000 
54.583969 60.000000 1.995307 2.000000 
54.599415 60.000000 1.995308 2.000000 
54.613255 60.000000 1.995309 2.000000 
54.628574 60.000000 1.995310 2.000000 
54.645348 60.000000 1.995311 2.000000 
54.660522 60.000000 1.995312 2.000000 
54.674126 60.000000 1.995313 2.000000 
54.689178 60.000000 1.995314 2.000000 
54.705662 60.000000 1.995315 2.000000 
54.719086 60.000000 1.995316 2.000000 
54.733940 60.000000 1.995317 2.000000 
54.750210 60.000000 1.995318 2.000000 
54.764931 60.000000 1.995319 2.000000 
54.779587 60.000000 1.995320 2.000000 
54.794178 60.000000 1.995321 2.000000 
54.807259 60.000000 1.995322 2.000000 
54.823174 60.000000 1.995323 2.000000 
54.837578 60.000000 1.995324 2.000000 
54.851917 60.000000 1.995325 2.000000 
54.866196 60.000000 1.995326 2.000000 
54.880409 60.000000 1.995327 2.000000 
54.894562 60.000000 1.995328 2.000000 
54.908653 60.000000 1.995329 2.000000 
54.922684 60.000000 1.995330 2.000000 
54.936653 60.000000 1.995331 2.000000 
54.950562 60.000000 1.995332 2.000000 
54.964413 60.000000 1.995333 2.000000 
54.978199 60.000000 1.995334 2.000000 
54.991928 60.000000 1.995335 2.000000 
55.005596 60.000000 1.995336 2.000000 
55.019203 60.000000 1.995337 2.000000 
55.032753 60.000000 1.995338 2.000000 
55.046242 60.000000 1.995339 2.000000 
55.059673 60.000000 1.995340 2.000000 
55.073048 60.000000 1.995341 2.000000 
55.086361 60.000000 1.995342 2.000000 
55.099617 60.000000 1.995343 2.000000 
55.112816 60.000000 1.995344 2.000000 
55.124649 60.000000 1.995345 2.000000 
55.139042 60.000000 1.995346 2.000000 
55.152073 60.000000 1.995347 2.000000 
55.165043 60.000000 1.995348 2.000000 
55.177956 60.000000 1.995349 2.000000 
55.190815 60.000000 1.995350 2.000000 
55.203617 60.000000 1.995351 2.000000 
55.216362 60.000000 1.995352 2.000000 
55.229053 60.000000 1.995353 2.000000 
55.241692 60.000000 1.995354 2.000000 
55.254272 60.000000 1.995355 2.000000 
55.266796 60.000000 1.995356 2.000000 
55.279270 60.000000 1.995357 2.000000 
55.291687 60.000000 1.995358 2.000000 
55.304050 60.000000 1.995359 2.000000 
55.316360 60.000000 1.995360 2.000000 
55.328617 60.000000 1.995361 2.000000 
55.340820 60.000000 1.995362 2.000000 
55.352966 60.000000 1.995363 2.000000 
55.365067 60.000000 1.995364 2.000000 
55.377110 60.000000 1.995365 2.000000 
55.389099 60.000000 1.995366 2.000000 
55.401039 60.000000 1.995367 2.000000 
55.412926 60.000000 1.995368 2.000000 
55.424763 60.000000 1.995369 2.000000 
55.436546 60.000000 1.995370 2.000000 
55.448280 60.000000 1.995371 2.000000 
55.459965 60.000000 1.995372 2.000000 
55.471596 60.000000 1.995373 2.000000 
55.483173 60.000000 1.995374 2.000000 
55.494705 60.000000 1.995375 2.000000 
55.506184 60.000000 1.995376 2.000000 
55.517616 60.000000 1.995377 2.000000 
55.528996 60.000000 1.995378 2.000000 
55.540325 60.000000 1.995379 2.000000 
55.551609 60.000000 1.995380 2.000000 
55.562843 60.000000 1.995381 2.000000 
55.574024 60.000000 1.995382 2.000000 
55.585159 60.000000 1.995383 2.000000 
55.596249 60.000000 1.995384 2.000000 
55.607285 60.000000 1.995385 2.000000 
55.618279 60.000000 1.995386 2.000000 
55.629219 60.000000 1.995387 2.000000 
55.640114 60.000000 1.995388 2.000000 
55.650963 60.000000 1.995389 2.000000 
55.661762 60.000000 1.995390 2.000000 
55.672516 60.000000 1.995391 2.000000 
55.683224 60.000000 1.995392 2.000000 
55.693886 60.000000 1.995393 2.000000 
55.704498 60.000000 1.995394 2.000000 
55.715069 60.000000 1.995395 2.000000 
55.725590 60.000000 1.995396 2.000000 
55.736065 60.000000 1.995397 2.000000 
55.746494 60.000000 1.995398 2.000000 
55.756882 60.000000 1.995399 2.000000 
55.767223 60.000000 1.995400 2.000000 
55.777515 60.000000 1.995401 2.000000 
55.787769 60.000000 1.995402 2.000000 
55.797974 60.000000 1.995403 2.000000 
55.808136 60.000000 1.995404 2.000000 
55.818253 60.000000 1.995405 2.000000 
55.828327 60.000000 1.995406 2.000000 
55.838356 60.000000 1.995407 2.000000 
55.848343 60.000000 1.995408 2.000000 
55.858284 60.000000 1.995409 2.000000 
55.868183 60.000000 1.995409 2.000000 
55.878040 60.000000 1.995411 2.000000 
55.887856 60.000000 1.995412 2.000000 
55.897625 60.000000 1.995412 2.000000 
55.907356 60.000000 1.995413 2.000000 
55.917042 60.000000 1.995414 2.000000 
55.926685 60.000000 1.995415 2.000000 
55.936287 60.000000 1.995416 2.000000 
55.945850 60.000000 1.995417 2.000000 
55.955368 60.000000 1.995418 2.000000 
55.964848 60.000000 1.995419 2.000000 
55.974281 60.000000 1.995420 2.000000 
55.983677 60.000000 1.995421 2.000000 
55.993034 60.000000 1.995422 2.000000 
56.002350 60.000000 1.995423 2.000000 
56.011623 60.000000 1.995424 2.000000 
56.020855 60.000000 1.995425 2.000000 
56.030048 60.000000 1.995426 2.000000 
56.039204 60.000000 1.995427 2.000000 
56.048317 60.000000 1.995428 2.000000 
56.057388 60.000000 1.995429 2.000000 
56.066425 60.000000 1.995430 2.000000 
56.075420 60.000000 1.995431 2.000000 
56.084377 60.000000 1.995432 2.000000 
56.093296 60.000000 1.995433 2.000000 
56.102173 60.000000 1.995434 2.000000 
56.111015 60.000000 1.995435 2.000000 
56.119816 60.000000 1.995436 2.000000 
56.128578 60.000000 1.995437 2.000000 
56.137306 60.000000 1.995438 2.000000 
56.145992 60.000000 1.995439 2.000000 
56.154644 60.000000 1.995440 2.000000 
56.163254 60.000000 1.995441 2.000000 
56.171829 60.000000 1.995442 2.000000 
56.180370 60.000000 1.995443 2.000000 
56.188869 60.000000 1.995444 2.000000 
56.197334 60.000000 1.995445 2.000000 
56.205761 60.000000 1.995446 2.000000 
56.214149 60.000000 1.995447 2.000000 
56.222507 60.000000 1.995448 2.000000 
56.230824 60.000000 1.995449 2.000000 
56.239105 60.000000 1.995450 2.000000 
56.247353 60.000000 1.995451 2.000000 
56.255562 60.000000 1.995452 2.000000 
56.263737 60.000000 1.995453 2.000000 
56.271877 60.000000 1.995454 2.000000 
56.279980 60.000000 1.995455 2.000000 
56.288048 60.000000 1.995456 2.000000 
56.296082 60.000000 1.995457 2.000000 
56.304081 60.000000 1.995458 2.000000 
56.312046 60.000000 1.995458 2.000000 
56.319973 60.000000 1.995460 2.000000 
56.327869 60.000000 1.995461 2.000000 
56.335732 60.000000 1.995461 2.000000 
56.343555 60.000000 1.995462 2.000000 
56.351349 60.000000 1.995463 2.000000 
56.359108 60.000000 1.995464 2.000000 
56.366833 60.000000 1.995465 2.000000 
56.374527 60.000000 1.995466 2.000000 
56.382183 60.000000 1.995467 2.000000 
56.389809 60.000000 1.995468 2.000000 
56.397404 60.000000 1.995469 2.000000 
56.404961 60.000000 1.995470 2.000000 
56.412487 60.000000 1.995471 2.000000 
56.420731 60.000000 1.995472 2.000000 
56.427444 60.000000 1.995473 2.000000 
56.435612 60.000000 1.995474 2.000000 
56.443008 60.000000 1.995475 2.000000 
56.450367 60.000000 1.995476 2.000000 
56.457699 60.000000 1.995477 2.000000 
56.464996 60.000000 1.995478 2.000000 
56.472263 60.000000 1.995479 2.000000 
56.479496 60.000000 1.995480 2.000000 
56.485981 60.000000 1.995481 2.000000 
56.493874 60.000000 1.995482 2.000000 
56.501015 60.000000 1.995483 2.000000 
56.508125 60.000000 1.995484 2.000000 
56.515205 60.000000 1.995485 2.000000 
56.522251 60.000000 1.995486 2.000000 
56.529270 60.000000 1.995487 2.000000 
56.536259 60.000000 1.995488 2.000000 
56.543217 60.000000 1.995489 2.000000 
56.549454 60.000000 1.995490 2.000000 
56.557041 60.000000 1.995491 2.000000 
56.563908 60.000000 1.995492 2.000000 
56.570747 60.000000 1.995493 2.000000 
56.577553 60.000000 1.995494 2.000000 
56.584332 60.000000 1.995495 2.000000 
56.590408 60.000000 1.995495 2.000000 
56.597134 60.000000 1.995497 2.000000 
56.603157 60.000000 1.995497 2.000000 
56.611156 60.000000 1.995498 2.000000 
56.617790 60.000000 1.995499 2.000000 
56.623734 60.000000 1.995500 2.000000 
56.630970 60.000000 1.995501 2.000000 
56.637516 60.000000 1.995502 2.000000 
56.644035 60.000000 1.995503 2.000000 
56.650524 60.000000 1.995504 2.000000 
56.656990 60.000000 1.995505 2.000000 
56.663422 60.000000 1.995506 2.000000 
56.669830 60.000000 1.995507 2.000000 
56.676208 60.000000 1.995508 2.000000 
56.682560 60.000000 1.995509 2.000000 
56.688885 60.000000 1.995510 2.000000 
56.695179 60.000000 1.995511 2.000000 
56.701450 60.000000 1.995512 2.000000 
56.707691 60.000000 1.995513 2.000000 
56.713905 60.000000 1.995514 2.000000 
56.720093 60.000000 1.995515 2.000000 
56.726257 60.000000 1.995516 2.000000 
56.732391 60.000000 1.995517 2.000000 
56.738499 60.000000 1.995518 2.000000 
56.744579 60.000000 1.995519 2.000000 
56.750637 60.000000 1.995520 2.000000 
56.756664 60.000000 1.995521 2.000000 
56.762669 60.000000 1.995522 2.000000 
56.768646 60.000000 1.995523 2.000000 
56.774597 60.000000 1.995524 2.000000 
56.780521 60.000000 1.995525 2.000000 
56.786423 60.000000 1.995525 2.000000 
56.792297 60.000000 1.995526 2.000000 
56.798145 60.000000 1.995527 2.000000 
56.803970 60.000000 1.995528 2.000000 
56.809769 60.000000 1.995529 2.000000 
56.815540 60.000000 1.995530 2.000000 
56.821289 60.000000 1.995531 2.000000 
56.827015 60.000000 1.995532 2.000000 
56.832714 60.000000 1.995533 2.000000 
56.838387 60.000000 1.995534 2.000000 
56.844036 60.000000 1.995535 2.000000 
56.849663 60.000000 1.995536 2.000000 
56.855263 60.000000 1.995537 2.000000 
56.860840 60.000000 1.995538 2.000000 
56.866394 60.000000 1.995539 2.000000 
56.871922 60.000000 1.995540 2.000000 
56.877426 60.000000 1.995541 2.000000 
56.882908 60.000000 1.995542 2.000000 
56.888367 60.000000 1.995543 2.000000 
56.893799 60.000000 1.995544 2.000000 
56.899208 60.000000 1.995545 2.000000 
56.904598 60.000000 1.995546 2.000000 
56.909962 60.000000 1.995547 2.000000 
56.915302 60.000000 1.995548 2.000000 
56.920620 60.000000 1.995548 2.000000 
56.925915 60.000000 1.995549 2.000000 
56.931183 60.000000 1.995550 2.000000 
56.936432 60.000000 1.995551 2.000000 
56.941658 60.000000 1.995552 2.000000 
56.946861 60.000000 1.995553 2.000000 
56.952045 60.000000 1.995554 2.000000 
56.957203 60.000000 1.995555 2.000000 
56.962337 60.000000 1.995556 2.000000 
56.967453 60.000000 1.995557 2.000000 
56.972546 60.000000 1.995558 2.000000 
56.977615 60.000000 1.995559 2.000000 
56.982662 60.000000 1.995560 2.000000 
56.987690 60.000000 1.995561 2.000000 
56.992695 60.000000 1.995562 2.000000 
56.997677 60.000000 1.995563 2.000000 
57.002640 60.000000 1.995564 2.000000 
57.007580 60.000000 1.995565 2.000000 
57.012497 60.000000 1.995566 2.000000 
57.017395 60.000000 1.995567 2.000000 
57.022274 60.000000 1.995568 2.000000 
57.027130 60.000000 1.995569 2.000000 
57.031963 60.000000 1.995569 2.000000 
57.036777 60.000000 1.995570 2.000000 
57.041569 60.000000 1.995571 2.000000 
57.046341 60.000000 1.995572 2.000000 
57.051094 60.000000 1.995573 2.000000 
57.055824 60.000000 1.995574 2.000000 
57.060535 60.000000 1.995575 2.000000 
57.065228 60.000000 1.995576 2.000000 
57.069897 60.000000 1.995577 2.000000 
57.074547 60.000000 1.995578 2.000000 
57.079174 60.000000 1.995579 2.000000 
57.083786 60.000000 1.995580 2.000000 
57.088375 60.000000 1.995581 2.000000 
57.092945 60.000000 1.995582 2.000000 
57.097496 60.000000 1.995583 2.000000 
57.102028 60.000000 1.995584 2.000000 
57.106541 60.000000 1.995585 2.000000 
57.111031 60.000000 1.995586 2.000000 
57.115505 60.000000 1.995587 2.000000 
57.118179 60.000000 1.995587 2.000000 
57.124393 60.000000 1.995589 2.000000 
57.128807 60.000000 1.995589 2.000000 
57.133205 60.000000 1.995590 2.000000 
57.137581 60.000000 1.995591 2.000000 
57.141941 60.000000 1.995592 2.000000 
57.146282 60.000000 1.995593 2.000000 
57.150600 60.000000 1.995594 2.000000 
57.154903 60.000000 1.995595 2.000000 
57.159187 60.000000 1.995596 2.000000 
57.163452 60.000000 1.995597 2.000000 
57.167702 60.000000 1.995598 2.000000 
57.171928 60.000000 1.995599 2.000000 
57.176140 60.000000 1.995600 2.000000 
57.180332 60.000000 1.995601 2.000000 
57.184505 60.000000 1.995602 2.000000 
57.188663 60.000000 1.995603 2.000000 
57.192802 60.000000 1.995604 2.000000 
57.196922 60.000000 1.995605 2.000000 
57.201023 60.000000 1.995605 2.000000 
57.205109 60.000000 1.995606 2.000000 
57.209179 60.000000 1.995607 2.000000 
57.213226 60.000000 1.995608 2.000000 
57.217258 60.000000 1.995609 2.000000 
57.221275 60.000000 1.995610 2.000000 
57.225273 60.000000 1.995611 2.000000 
57.229256 60.000000 1.995612 2.000000 
57.233219 60.000000 1.995613 2.000000 
57.237164 60.000000 1.995614 2.000000 
57.241093 60.000000 1.995615 2.000000 
57.245007 60.000000 1.995616 2.000000 
57.248905 60.000000 1.995617 2.000000 
57.252781 60.000000 1.995618 2.000000 
57.256645 60.000000 1.995619 2.000000 
57.260490 60.000000 1.995620 2.000000 
57.264320 60.000000 1.995620 2.000000 
57.268131 60.000000 1.995621 2.000000 
57.271931 60.000000 1.995622 2.000000 
57.275711 60.000000 1.995623 2.000000 
57.279472 60.000000 1.995624 2.000000 
57.283222 60.000000 1.995625 2.000000 
57.286953 60.000000 1.995626 2.000000 
57.290668 60.000000 1.995627 2.000000 
57.294369 60.000000 1.995628 2.000000 
57.298054 60.000000 1.995629 2.000000 
57.301720 60.000000 1.995630 2.000000 
57.305370 60.000000 1.995631 2.000000 
57.309010 60.000000 1.995632 2.000000 
57.312630 60.000000 1.995633 2.000000 
57.316235 60.000000 1.995634 2.000000 
57.319824 60.000000 1.995635 2.000000 
57.323399 60.000000 1.995636 2.000000 
57.326958 60.000000 1.995636 2.000000 
57.330502 60.000000 1.995637 2.000000 
57.334030 60.000000 1.995638 2.000000 
57.337543 60.000000 1.995639 2.000000 
57.341042 60.000000 1.995640 2.000000 
57.344524 60.000000 1.995641 2.000000 
57.347992 60.000000 1.995642 2.000000 
57.351444 60.000000 1.995643 2.000000 
57.354885 60.000000 1.995644 2.000000 
57.358307 60.000000 1.995645 2.000000 
57.361717 60.000000 1.995646 2.000000 
57.365112 60.000000 1.995647 2.000000 
57.368492 60.000000 1.995648 2.000000 
57.371857 60.000000 1.995649 2.000000 
57.375210 60.000000 1.995650 2.000000 
57.378544 60.000000 1.995651 2.000000 
57.381866 60.000000 1.995651 2.000000 
57.385178 60.000000 1.995652 2.000000 
57.388470 60.000000 1.995653 2.000000 
57.391750 60.000000 1.995654 2.000000 
57.395016 60.000000 1.995655 2.000000 
57.398266 60.000000 1.995656 2.000000 
57.401505 60.000000 1.995657 2.000000 
57.404728 60.000000 1.995658 2.000000 
57.407940 60.000000 1.995659 2.000000 
57.411137 60.000000 1.995660 2.000000 
57.414639 60.000000 1.995661 2.000000 
57.417488 60.000000 1.995662 2.000000 
57.420959 60.000000 1.995663 2.000000 
